time	V(a1)	V(b1)	V(cin)	V(cout)	V(s)
0.000000000000000e+000	0.000000e+000	0.000000e+000	0.000000e+000	2.219405e-008	4.407206e-008
5.000000000000000e-003	0.000000e+000	0.000000e+000	0.000000e+000	2.219405e-008	4.407206e-008
5.002180913591953e-003	0.000000e+000	0.000000e+000	2.180914e-002	2.219405e-008	2.180896e-002
5.006542740775859e-003	0.000000e+000	0.000000e+000	6.542741e-002	2.219405e-008	6.542712e-002
5.015266395143672e-003	0.000000e+000	0.000000e+000	1.526639e-001	2.219405e-008	1.526637e-001
5.032713703879298e-003	0.000000e+000	0.000000e+000	3.271371e-001	2.219405e-008	3.271367e-001
5.067608321350550e-003	0.000000e+000	0.000000e+000	6.760832e-001	2.219405e-008	6.760828e-001
5.106670821350550e-003	0.000000e+000	0.000000e+000	1.066708e+000	2.219405e-008	1.066708e+000
5.145733321350550e-003	0.000000e+000	0.000000e+000	1.457333e+000	2.219405e-008	1.457332e+000
5.184795821350550e-003	0.000000e+000	0.000000e+000	1.847958e+000	2.219405e-008	1.847957e+000
5.262920821350550e-003	0.000000e+000	0.000000e+000	2.629208e+000	2.219405e-008	2.629207e+000
5.380108321350550e-003	0.000000e+000	0.000000e+000	3.801083e+000	2.219405e-008	3.801081e+000
5.500477454724154e-003	0.000000e+000	0.000000e+000	5.000000e+000	2.219405e-008	5.000000e+000
1.000000000000000e-002	0.000000e+000	0.000000e+000	5.000000e+000	2.219405e-008	5.000000e+000
1.000390625000000e-002	0.000000e+000	1.953125e-002	5.000000e+000	2.219405e-008	5.000000e+000
1.001171875000000e-002	0.000000e+000	5.859375e-002	5.000000e+000	2.219405e-008	5.000000e+000
1.002734375000000e-002	0.000000e+000	1.367188e-001	5.000000e+000	2.219405e-008	5.000000e+000
1.005859375000000e-002	0.000000e+000	2.929688e-001	5.000000e+000	2.219405e-008	5.000000e+000
1.009765625000000e-002	0.000000e+000	4.882813e-001	5.000000e+000	2.219405e-008	5.000000e+000
1.013671875000000e-002	0.000000e+000	6.835938e-001	5.000000e+000	2.219405e-008	5.000000e+000
1.017578125000000e-002	0.000000e+000	8.789063e-001	5.000000e+000	2.219405e-008	5.000000e+000
1.021484375000000e-002	0.000000e+000	1.074219e+000	5.000000e+000	2.219405e-008	5.000000e+000
1.025390625000000e-002	0.000000e+000	1.269531e+000	5.000000e+000	2.219405e-008	5.000000e+000
1.029296874999999e-002	0.000000e+000	1.464844e+000	5.000000e+000	2.219406e-008	5.000000e+000
1.033203124999999e-002	0.000000e+000	1.660156e+000	5.000000e+000	2.219416e-008	4.999731e+000
1.036146725505808e-002	0.000000e+000	1.807336e+000	5.000000e+000	2.219577e-008	4.998471e+000
1.036235173507479e-002	0.000000e+000	1.811759e+000	5.000000e+000	2.219573e-008	4.997395e+000
1.036412069510820e-002	0.000000e+000	1.820603e+000	5.000000e+000	2.219557e-008	4.991314e+000
1.036765861517503e-002	0.000000e+000	1.838293e+000	5.000000e+000	2.219764e-008	4.972058e+000
1.037089782888098e-002	0.000000e+000	1.854489e+000	5.000000e+000	2.221207e-008	4.948923e+000
1.037277644079730e-002	0.000000e+000	1.863882e+000	5.000000e+000	2.229546e-008	4.933142e+000
1.037407295099387e-002	0.000000e+000	1.870365e+000	5.000000e+000	2.243900e-008	4.921244e+000
1.037539043429602e-002	0.000000e+000	1.876952e+000	5.000000e+000	2.273296e-008	4.908607e+000
1.037555531796201e-002	0.000000e+000	1.877777e+000	5.000000e+000	2.291324e-008	4.906983e+000
1.037588508529399e-002	0.000000e+000	1.879425e+000	5.000000e+000	2.118701e-008	4.903681e+000
1.037614726249375e-002	0.000000e+000	1.880736e+000	5.000000e+000	1.212829e-008	4.901038e+000
1.037621280679369e-002	0.000000e+000	1.881064e+000	5.000000e+000	-1.345845e-008	4.900374e+000
1.037634389539357e-002	0.000000e+000	1.881719e+000	5.000000e+000	-2.781491e-007	4.899039e+000
1.037641052331155e-002	0.000000e+000	1.882053e+000	5.000000e+000	-1.337327e-006	4.898359e+000
1.037651768919267e-002	0.000000e+000	1.882588e+000	5.000000e+000	-1.152602e-005	4.897262e+000
1.037655932515895e-002	0.000000e+000	1.882797e+000	5.000000e+000	-4.598816e-005	4.896835e+000
1.037658578511419e-002	0.000000e+000	1.882929e+000	5.000000e+000	-1.754816e-004	4.896564e+000
1.037659948289515e-002	0.000000e+000	1.882997e+000	5.000000e+000	-4.261522e-004	4.896423e+000
1.037661145517599e-002	0.000000e+000	1.883057e+000	5.000000e+000	-8.655072e-004	4.896300e+000
1.037661754055093e-002	0.000000e+000	1.883088e+000	5.000000e+000	-1.082214e-003	4.896237e+000
1.037662195041549e-002	0.000000e+000	1.883110e+000	5.000000e+000	-6.763873e-004	4.896192e+000
1.037662648303284e-002	0.000000e+000	1.883132e+000	5.000000e+000	2.019494e-003	4.896145e+000
1.037663125964433e-002	0.000000e+000	1.883156e+000	5.000000e+000	1.490114e-002	4.896096e+000
1.037663988946789e-002	0.000000e+000	1.883199e+000	5.000000e+000	6.212485e-002	4.896008e+000
1.037664061225149e-002	0.000000e+000	1.883203e+000	5.000000e+000	6.980737e-002	4.896000e+000
1.037664205781869e-002	0.000000e+000	1.883210e+000	5.000000e+000	9.779843e-002	4.895985e+000
1.037664494895308e-002	0.000000e+000	1.883225e+000	5.000000e+000	1.976206e-001	4.895956e+000
1.037664709804700e-002	0.000000e+000	1.883235e+000	5.000000e+000	3.258058e-001	4.895933e+000
1.037664737840857e-002	0.000000e+000	1.883237e+000	5.000000e+000	3.578964e-001	4.895930e+000
1.037664793913171e-002	0.000000e+000	1.883240e+000	5.000000e+000	4.770798e-001	4.895925e+000
1.037664851280070e-002	0.000000e+000	1.883243e+000	5.000000e+000	7.053954e-001	4.895919e+000
1.037664865621794e-002	0.000000e+000	1.883243e+000	5.000000e+000	1.000572e+000	4.895917e+000
1.037664894305244e-002	0.000000e+000	1.883245e+000	5.000000e+000	2.237567e+000	4.895914e+000
1.037664895002859e-002	0.000000e+000	1.883245e+000	5.000000e+000	2.304768e+000	4.895914e+000
1.037664896398090e-002	0.000000e+000	1.883245e+000	5.000000e+000	2.502804e+000	4.895914e+000
1.037664897618917e-002	0.000000e+000	1.883245e+000	5.000000e+000	2.673218e+000	4.895914e+000
1.037664897967724e-002	0.000000e+000	1.883245e+000	5.000000e+000	2.718993e+000	4.895914e+000
1.037664898665339e-002	0.000000e+000	1.883245e+000	5.000000e+000	2.793117e+000	4.895914e+000
1.037664900060570e-002	0.000000e+000	1.883245e+000	5.000000e+000	2.888726e+000	4.895914e+000
1.037664902851031e-002	0.000000e+000	1.883245e+000	5.000000e+000	2.999003e+000	4.895913e+000
1.037664908431954e-002	0.000000e+000	1.883245e+000	5.000000e+000	3.134454e+000	4.895913e+000
1.037664919593799e-002	0.000000e+000	1.883246e+000	5.000000e+000	3.316320e+000	4.895912e+000
1.037664941835700e-002	0.000000e+000	1.883247e+000	5.000000e+000	3.571913e+000	4.895909e+000
1.037664976254215e-002	0.000000e+000	1.883249e+000	5.000000e+000	3.855251e+000	4.895905e+000
1.037665043818834e-002	0.000000e+000	1.883252e+000	5.000000e+000	4.237911e+000	4.895898e+000
1.037665178948073e-002	0.000000e+000	1.883259e+000	5.000000e+000	4.767911e+000	4.895885e+000
1.037665222490950e-002	0.000000e+000	1.883261e+000	5.000000e+000	4.876071e+000	4.895880e+000
1.037665260053129e-002	0.000000e+000	1.883263e+000	5.000000e+000	4.923476e+000	4.895877e+000
1.037665313189290e-002	0.000000e+000	1.883266e+000	5.000000e+000	4.961670e+000	4.895872e+000
1.037665356069615e-002	0.000000e+000	1.883268e+000	5.000000e+000	4.979680e+000	4.895868e+000
1.037665403798031e-002	0.000000e+000	1.883270e+000	5.000000e+000	4.989280e+000	4.895863e+000
1.037665471511452e-002	0.000000e+000	1.883274e+000	5.000000e+000	4.994148e+000	4.895855e+000
1.037665568342539e-002	0.000000e+000	1.883278e+000	5.000000e+000	4.995951e+000	4.895845e+000
1.037665706884485e-002	0.000000e+000	1.883285e+000	5.000000e+000	4.996573e+000	4.895830e+000
1.037665957548454e-002	0.000000e+000	1.883298e+000	5.000000e+000	4.997221e+000	4.895804e+000
1.037666458876392e-002	0.000000e+000	1.883323e+000	5.000000e+000	4.998076e+000	4.895753e+000
1.037667368534514e-002	0.000000e+000	1.883368e+000	5.000000e+000	4.998886e+000	4.895659e+000
1.037668329906909e-002	0.000000e+000	1.883417e+000	5.000000e+000	4.999356e+000	4.895560e+000
1.037669557215722e-002	0.000000e+000	1.883478e+000	5.000000e+000	4.999713e+000	4.895433e+000
1.037670856759855e-002	0.000000e+000	1.883543e+000	5.000000e+000	4.999881e+000	4.895300e+000
1.037671853205772e-002	0.000000e+000	1.883593e+000	5.000000e+000	4.999916e+000	4.895197e+000
1.037673170427822e-002	0.000000e+000	1.883659e+000	5.000000e+000	4.999933e+000	4.895061e+000
1.037675176980547e-002	0.000000e+000	1.883759e+000	5.000000e+000	4.999950e+000	4.894855e+000
1.037679190085997e-002	0.000000e+000	1.883960e+000	5.000000e+000	4.999969e+000	4.894440e+000
1.037683099635889e-002	0.000000e+000	1.884155e+000	5.000000e+000	4.999978e+000	4.894036e+000
1.037689465992859e-002	0.000000e+000	1.884473e+000	5.000000e+000	4.999986e+000	4.893376e+000
1.037696587284447e-002	0.000000e+000	1.884829e+000	5.000000e+000	4.999991e+000	4.892637e+000
1.037707387184741e-002	0.000000e+000	1.885369e+000	5.000000e+000	4.999995e+000	4.891513e+000
1.037719914843446e-002	0.000000e+000	1.885996e+000	5.000000e+000	4.999998e+000	4.890204e+000
1.037741125223426e-002	0.000000e+000	1.887056e+000	5.000000e+000	4.999994e+000	4.887981e+000
1.037744880292578e-002	0.000000e+000	1.887244e+000	5.000000e+000	4.999995e+000	4.887587e+000
1.037752390430882e-002	0.000000e+000	1.887619e+000	5.000000e+000	5.000000e+000	4.886795e+000
1.037767410707491e-002	0.000000e+000	1.888371e+000	5.000000e+000	5.000000e+000	4.885206e+000
1.037784823451442e-002	0.000000e+000	1.889241e+000	5.000000e+000	5.000000e+000	4.883356e+000
1.037806379301804e-002	0.000000e+000	1.890319e+000	5.000000e+000	5.000000e+000	4.881052e+000
1.037842987668283e-002	0.000000e+000	1.892149e+000	5.000000e+000	5.000000e+000	4.877105e+000
1.037904639281324e-002	0.000000e+000	1.895232e+000	5.000000e+000	5.000000e+000	4.870378e+000
1.037971178621964e-002	0.000000e+000	1.898559e+000	5.000000e+000	5.000000e+000	4.863019e+000
1.038024971600263e-002	0.000000e+000	1.901249e+000	5.000000e+000	5.000000e+000	4.856979e+000
1.038096763331398e-002	0.000000e+000	1.904838e+000	5.000000e+000	5.000000e+000	4.848783e+000
1.038196855442670e-002	0.000000e+000	1.909843e+000	5.000000e+000	5.000000e+000	4.837101e+000
1.038377896488257e-002	0.000000e+000	1.918895e+000	5.000000e+000	5.000000e+000	4.815344e+000
1.038599865799262e-002	0.000000e+000	1.929993e+000	5.000000e+000	5.000000e+000	4.787538e+000
1.038978964919966e-002	0.000000e+000	1.948948e+000	5.000000e+000	5.000000e+000	4.737340e+000
1.039470360046794e-002	0.000000e+000	1.973518e+000	5.000000e+000	5.000000e+000	4.667041e+000
1.040244769650835e-002	0.000000e+000	2.012239e+000	5.000000e+000	5.000000e+000	4.542629e+000
1.041275149616041e-002	0.000000e+000	2.063757e+000	5.000000e+000	5.000000e+000	4.334760e+000
1.042860482623123e-002	0.000000e+000	2.143024e+000	5.000000e+000	5.000000e+000	3.927330e+000
1.043124056417219e-002	0.000000e+000	2.156203e+000	5.000000e+000	5.000000e+000	3.819180e+000
1.043651204005411e-002	0.000000e+000	2.182560e+000	5.000000e+000	5.000000e+000	3.443963e+000
1.043826612435577e-002	0.000000e+000	2.191331e+000	5.000000e+000	5.000000e+000	3.138206e+000
1.043930560106493e-002	0.000000e+000	2.196528e+000	5.000000e+000	5.000000e+000	2.789946e+000
1.044041202440823e-002	0.000000e+000	2.202060e+000	5.000000e+000	5.000000e+000	2.342354e+000
1.044152966513211e-002	0.000000e+000	2.207648e+000	5.000000e+000	5.000000e+000	1.910788e+000
1.044256291082966e-002	0.000000e+000	2.212815e+000	5.000000e+000	5.000000e+000	1.560774e+000
1.044358191031541e-002	0.000000e+000	2.217910e+000	5.000000e+000	5.000000e+000	1.322230e+000
1.044490010180057e-002	0.000000e+000	2.224500e+000	5.000000e+000	5.000000e+000	1.165645e+000
1.044597747511626e-002	0.000000e+000	2.229887e+000	5.000000e+000	5.000000e+000	1.104265e+000
1.044725654521794e-002	0.000000e+000	2.236283e+000	5.000000e+000	5.000000e+000	1.059967e+000
1.044940674937184e-002	0.000000e+000	2.247034e+000	5.000000e+000	5.000000e+000	1.005976e+000
1.045370715767965e-002	0.000000e+000	2.268536e+000	5.000000e+000	5.000000e+000	9.262046e-001
1.045933157065850e-002	0.000000e+000	2.296658e+000	5.000000e+000	5.000000e+000	8.492323e-001
1.046941406307324e-002	0.000000e+000	2.347070e+000	5.000000e+000	5.000000e+000	7.485896e-001
1.048353558043965e-002	0.000000e+000	2.417678e+000	5.000000e+000	5.000000e+000	6.428141e-001
1.050000000000000e-002	0.000000e+000	2.500000e+000	5.000000e+000	5.000000e+000	5.434679e-001
1.050318115154759e-002	0.000000e+000	2.515906e+000	4.968188e+000	5.000000e+000	5.140024e-001
1.050742268694438e-002	0.000000e+000	2.537113e+000	4.925773e+000	5.000000e+000	4.777379e-001
1.051590575773795e-002	0.000000e+000	2.579529e+000	4.840942e+000	5.000000e+000	4.138591e-001
1.053263445085305e-002	0.000000e+000	2.663172e+000	4.673656e+000	5.000000e+000	3.120196e-001
1.055986984093511e-002	0.000000e+000	2.799349e+000	4.401301e+000	5.000000e+000	1.905308e-001
1.058693063137531e-002	0.000000e+000	2.934653e+000	4.130694e+000	5.000000e+000	1.150642e-001
1.061515500186957e-002	0.000000e+000	3.075775e+000	3.848450e+000	5.000000e+000	7.529306e-002
1.064188548029894e-002	0.000000e+000	3.209427e+000	3.581145e+000	5.000000e+000	5.585450e-002
1.066720077331227e-002	0.000000e+000	3.336004e+000	3.327992e+000	5.000000e+000	4.271219e-002
1.069106761642386e-002	0.000000e+000	3.455338e+000	3.089324e+000	5.000000e+000	3.266517e-002
1.073013011642386e-002	0.000000e+000	3.650651e+000	2.698699e+000	5.000000e+000	2.853650e-002
1.076604007090654e-002	0.000000e+000	3.830200e+000	2.339599e+000	5.000000e+000	4.541570e-002
1.077092288340654e-002	0.000000e+000	3.854614e+000	2.290771e+000	5.000000e+000	5.162047e-002
1.078068850840654e-002	0.000000e+000	3.903443e+000	2.193115e+000	5.000000e+000	6.945804e-002
1.078213161397659e-002	0.000000e+000	3.910658e+000	2.178684e+000	5.000000e+000	7.240568e-002
1.078501782511667e-002	0.000000e+000	3.925089e+000	2.149822e+000	5.000000e+000	7.884147e-002
1.078685356066769e-002	0.000000e+000	3.934268e+000	2.131464e+000	5.000000e+000	8.311026e-002
1.078827545987314e-002	0.000000e+000	3.941377e+000	2.117245e+000	5.000000e+000	8.654550e-002
1.078914820872213e-002	0.000000e+000	3.945741e+000	2.108518e+000	5.000000e+000	8.870874e-002
1.078972673308277e-002	0.000000e+000	3.948634e+000	2.102733e+000	5.000000e+000	9.016834e-002
1.079011271416651e-002	0.000000e+000	3.950564e+000	2.098873e+000	5.000000e+000	9.115371e-002
1.079043206077131e-002	0.000000e+000	3.952160e+000	2.095679e+000	5.000000e+000	9.197661e-002
1.079085176986820e-002	0.000000e+000	3.954259e+000	2.091482e+000	5.000000e+000	9.306513e-002
1.079091520814813e-002	0.000000e+000	3.954576e+000	2.090848e+000	5.000000e+000	9.323047e-002
1.079104208470801e-002	0.000000e+000	3.955210e+000	2.089579e+000	5.000000e+000	9.356245e-002
1.079114153976283e-002	0.000000e+000	3.955708e+000	2.088585e+000	5.000001e+000	9.382325e-002
1.079126110281277e-002	0.000000e+000	3.956306e+000	2.087389e+000	5.000005e+000	9.413759e-002
1.079138315516416e-002	0.000000e+000	3.956916e+000	2.086169e+000	5.000012e+000	9.445909e-002
1.079139489082067e-002	0.000000e+000	3.956975e+000	2.086051e+000	5.000014e+000	9.449005e-002
1.079141836213370e-002	0.000000e+000	3.957092e+000	2.085816e+000	5.000019e+000	9.455203e-002
1.079146530475977e-002	0.000000e+000	3.957326e+000	2.085347e+000	5.000034e+000	9.467608e-002
1.079150944107712e-002	0.000000e+000	3.957547e+000	2.084906e+000	5.000067e+000	9.479281e-002
1.079153815118670e-002	0.000000e+000	3.957691e+000	2.084619e+000	5.000132e+000	9.486880e-002
1.079155841834333e-002	0.000000e+000	3.957792e+000	2.084416e+000	5.000328e+000	9.492253e-002
1.079157288193243e-002	0.000000e+000	3.957865e+000	2.084271e+000	5.000898e+000	9.496097e-002
1.079158404706532e-002	0.000000e+000	3.957920e+000	2.084160e+000	5.002352e+000	9.499058e-002
1.079159298078903e-002	0.000000e+000	3.957965e+000	2.084070e+000	5.004869e+000	9.501412e-002
1.079159416087949e-002	0.000000e+000	3.957971e+000	2.084058e+000	5.005797e+000	9.501725e-002
1.079159652106042e-002	0.000000e+000	3.957983e+000	2.084035e+000	5.009069e+000	9.502356e-002
1.079159774401544e-002	0.000000e+000	3.957989e+000	2.084023e+000	5.010527e+000	9.502681e-002
1.079159874917417e-002	0.000000e+000	3.957994e+000	2.084013e+000	5.006108e+000	9.502945e-002
1.079159970456675e-002	0.000000e+000	3.957999e+000	2.084003e+000	4.969687e+000	9.503195e-002
1.079160083001815e-002	0.000000e+000	3.958004e+000	2.083992e+000	4.810902e+000	9.503490e-002
1.079160203343091e-002	0.000000e+000	3.958010e+000	2.083980e+000	4.138937e+000	9.503809e-002
1.079160331383060e-002	0.000000e+000	3.958017e+000	2.083967e+000	2.283701e+000	9.504151e-002
1.079160335491006e-002	0.000000e+000	3.958017e+000	2.083966e+000	1.851352e+000	9.504163e-002
1.079160336517993e-002	0.000000e+000	3.958017e+000	2.083966e+000	1.655096e+000	9.504166e-002
1.079160339085459e-002	0.000000e+000	3.958017e+000	2.083966e+000	1.162768e+000	9.504172e-002
1.079160339213832e-002	0.000000e+000	3.958017e+000	2.083966e+000	1.138300e+000	9.504172e-002
1.079160339470579e-002	0.000000e+000	3.958017e+000	2.083966e+000	1.092764e+000	9.504173e-002
1.079160339984072e-002	0.000000e+000	3.958017e+000	2.083966e+000	1.012570e+000	9.504174e-002
1.079160340112446e-002	0.000000e+000	3.958017e+000	2.083966e+000	9.964157e-001	9.504175e-002
1.079160340369192e-002	0.000000e+000	3.958017e+000	2.083966e+000	9.729406e-001	9.504175e-002
1.079160340882686e-002	0.000000e+000	3.958017e+000	2.083966e+000	9.389682e-001	9.504177e-002
1.079160341909672e-002	0.000000e+000	3.958017e+000	2.083966e+000	8.925247e-001	9.504180e-002
1.079160343963645e-002	0.000000e+000	3.958017e+000	2.083966e+000	8.301060e-001	9.504185e-002
1.079160348071591e-002	0.000000e+000	3.958017e+000	2.083965e+000	7.474572e-001	9.504196e-002
1.079160356287483e-002	0.000000e+000	3.958018e+000	2.083964e+000	6.434632e-001	9.504218e-002
1.079160372719268e-002	0.000000e+000	3.958019e+000	2.083963e+000	5.232212e-001	9.504263e-002
1.079160405582837e-002	0.000000e+000	3.958020e+000	2.083959e+000	3.874702e-001	9.504353e-002
1.079160443844133e-002	0.000000e+000	3.958022e+000	2.083956e+000	2.930652e-001	9.504458e-002
1.079160504894322e-002	0.000000e+000	3.958025e+000	2.083950e+000	2.056574e-001	9.504624e-002
1.079160626994698e-002	0.000000e+000	3.958031e+000	2.083937e+000	1.113803e-001	9.504952e-002
1.079160805874888e-002	0.000000e+000	3.958040e+000	2.083920e+000	4.509824e-002	9.505424e-002
1.079160989672309e-002	0.000000e+000	3.958050e+000	2.083901e+000	1.758952e-002	9.505904e-002
1.079161216729999e-002	0.000000e+000	3.958061e+000	2.083878e+000	6.560818e-003	9.506498e-002
1.079161426787732e-002	0.000000e+000	3.958071e+000	2.083857e+000	3.518854e-003	9.507050e-002
1.079161562150395e-002	0.000000e+000	3.958078e+000	2.083844e+000	2.759982e-003	9.507407e-002
1.079161708179890e-002	0.000000e+000	3.958085e+000	2.083829e+000	2.161923e-003	9.507788e-002
1.079161876411083e-002	0.000000e+000	3.958094e+000	2.083812e+000	1.620798e-003	9.508210e-002
1.079162148830684e-002	0.000000e+000	3.958107e+000	2.083785e+000	9.222983e-004	9.508893e-002
1.079162446902877e-002	0.000000e+000	3.958122e+000	2.083755e+000	4.178208e-004	9.509699e-002
1.079162788222736e-002	0.000000e+000	3.958139e+000	2.083721e+000	1.409149e-004	9.510656e-002
1.079163165750665e-002	0.000000e+000	3.958158e+000	2.083683e+000	4.766921e-005	9.511685e-002
1.079163558597340e-002	0.000000e+000	3.958178e+000	2.083644e+000	2.806761e-005	9.512730e-002
1.079164132278186e-002	0.000000e+000	3.958207e+000	2.083587e+000	1.915216e-005	9.514253e-002
1.079165279639878e-002	0.000000e+000	3.958264e+000	2.083472e+000	9.695286e-006	9.517297e-002
1.079167574363262e-002	0.000000e+000	3.958379e+000	2.083243e+000	3.105675e-006	9.523387e-002
1.079170287570754e-002	0.000000e+000	3.958514e+000	2.082971e+000	9.034584e-007	9.530592e-002
1.079174173017170e-002	0.000000e+000	3.958709e+000	2.082583e+000	3.090571e-007	9.540921e-002
1.079179831586132e-002	0.000000e+000	3.958992e+000	2.082017e+000	7.336861e-008	9.555984e-002
1.079189922761003e-002	0.000000e+000	3.959496e+000	2.081008e+000	4.949457e-008	9.582900e-002
1.079204945739929e-002	0.000000e+000	3.960247e+000	2.079505e+000	2.230844e-008	9.623089e-002
1.079227003883464e-002	0.000000e+000	3.961350e+000	2.077300e+000	2.844387e-008	9.682352e-002
1.079258497678350e-002	0.000000e+000	3.962925e+000	2.074150e+000	2.109608e-008	9.767491e-002
1.079302868713592e-002	0.000000e+000	3.965143e+000	2.069713e+000	2.457848e-008	9.888485e-002
1.079363402862604e-002	0.000000e+000	3.968170e+000	2.063660e+000	2.191521e-008	1.005547e-001
1.079437448032590e-002	0.000000e+000	3.971872e+000	2.056255e+000	2.129450e-008	1.026237e-001
1.079493678106248e-002	0.000000e+000	3.974684e+000	2.050632e+000	2.185795e-008	1.042171e-001
1.079556641875060e-002	0.000000e+000	3.977832e+000	2.044336e+000	2.324749e-008	1.060284e-001
1.079636042984750e-002	0.000000e+000	3.981802e+000	2.036396e+000	2.085894e-008	1.083563e-001
1.079778917720877e-002	0.000000e+000	3.988946e+000	2.022108e+000	2.240942e-008	1.126477e-001
1.079926683362537e-002	0.000000e+000	3.996334e+000	2.007332e+000	2.150467e-008	1.172521e-001
1.080203593747671e-002	0.000000e+000	4.010180e+000	1.979641e+000	2.234616e-008	1.263097e-001
1.080481488047753e-002	0.000000e+000	4.024075e+000	1.951851e+000	2.192246e-008	1.360769e-001
1.080976879437306e-002	0.000000e+000	4.048844e+000	1.902312e+000	2.249172e-008	1.555219e-001
1.081664803671819e-002	0.000000e+000	4.083240e+000	1.833520e+000	2.217197e-008	1.887106e-001
1.082892805084692e-002	0.000000e+000	4.144640e+000	1.710719e+000	2.228023e-008	2.703102e-001
1.083849726056703e-002	0.000000e+000	4.192486e+000	1.615027e+000	1.198377e-005	3.608701e-001
1.084077485884429e-002	0.000000e+000	4.203874e+000	1.592251e+000	9.894604e-006	4.000131e-001
1.084533005539882e-002	0.000000e+000	4.226650e+000	1.546699e+000	2.196137e-008	5.388132e-001
1.084646885453745e-002	0.000000e+000	4.232344e+000	1.535311e+000	2.206104e-008	8.336521e-001
1.084742822404685e-002	0.000000e+000	4.237141e+000	1.525718e+000	2.219406e-008	1.590044e+000
1.084805188281171e-002	0.000000e+000	4.240260e+000	1.519481e+000	2.219406e-008	2.206550e+000
1.084883294793418e-002	0.000000e+000	4.244165e+000	1.511670e+000	2.219406e-008	2.690907e+000
1.084952391216828e-002	0.000000e+000	4.247620e+000	1.504761e+000	2.219405e-008	2.862123e+000
1.085028518851827e-002	0.000000e+000	4.251426e+000	1.497148e+000	2.219405e-008	2.948715e+000
1.085180774121826e-002	0.000000e+000	4.259039e+000	1.481923e+000	2.219406e-008	3.069738e+000
1.085463072179565e-002	0.000000e+000	4.273154e+000	1.453693e+000	2.219405e-008	3.231731e+000
1.086022600341922e-002	0.000000e+000	4.301130e+000	1.397740e+000	2.219405e-008	3.467227e+000
1.086624592677041e-002	0.000000e+000	4.331230e+000	1.337541e+000	2.219405e-008	3.658458e+000
1.087732367320295e-002	0.000000e+000	4.386618e+000	1.226763e+000	2.219405e-008	3.920294e+000
1.089599028913292e-002	0.000000e+000	4.479951e+000	1.040097e+000	2.219405e-008	4.246496e+000
1.091807771807134e-002	0.000000e+000	4.590389e+000	8.192228e-001	2.219405e-008	4.509565e+000
1.094471317130681e-002	0.000000e+000	4.723566e+000	5.528683e-001	2.219405e-008	4.710580e+000
1.097189765011579e-002	0.000000e+000	4.859488e+000	2.810235e-001	2.219405e-008	4.859275e+000
1.100000000000000e-002	0.000000e+000	5.000000e+000	4.440892e-015	2.219428e-008	4.999918e+000
1.100235262027848e-002	0.000000e+000	5.000000e+000	1.480297e-015	2.219413e-008	4.999972e+000
1.101646834194937e-002	0.000000e+000	5.000000e+000	0.000000e+000	2.219405e-008	5.000000e+000
1.500000000000000e-002	0.000000e+000	5.000000e+000	0.000000e+000	2.219405e-008	5.000000e+000
1.501171875000000e-002	0.000000e+000	5.000000e+000	1.171875e-001	2.219405e-008	5.000004e+000
1.502734375000000e-002	0.000000e+000	5.000000e+000	2.734375e-001	2.219405e-008	4.999739e+000
1.505859375000000e-002	0.000000e+000	5.000000e+000	5.859375e-001	2.219405e-008	4.969911e+000
1.509765624999999e-002	0.000000e+000	5.000000e+000	9.765625e-001	2.219405e-008	4.791756e+000
1.513671874999999e-002	0.000000e+000	5.000000e+000	1.367188e+000	2.219406e-008	4.236331e+000
1.517578124999999e-002	0.000000e+000	5.000000e+000	1.757813e+000	2.219558e-008	3.205009e+000
1.517598017795050e-002	0.000000e+000	5.000000e+000	1.759802e+000	2.219516e-008	3.190325e+000
1.517637803385151e-002	0.000000e+000	5.000000e+000	1.763780e+000	2.219425e-008	3.137345e+000
1.517717374565355e-002	0.000000e+000	5.000000e+000	1.771737e+000	2.219419e-008	2.916926e+000
1.517832570877799e-002	0.000000e+000	5.000000e+000	1.783257e+000	2.219423e-008	2.258342e+000
1.517916052647978e-002	0.000000e+000	5.000000e+000	1.791605e+000	2.219426e-008	1.586165e+000
1.518007756717156e-002	0.000000e+000	5.000000e+000	1.800776e+000	2.219429e-008	9.899923e-001
1.518108997659545e-002	0.000000e+000	5.000000e+000	1.810900e+000	2.219431e-008	7.312900e-001
1.518213184384354e-002	0.000000e+000	5.000000e+000	1.821318e+000	2.219434e-008	6.699336e-001
1.518398782343086e-002	0.000000e+000	5.000000e+000	1.839878e+000	2.219439e-008	6.145268e-001
1.518727133046502e-002	0.000000e+000	5.000000e+000	1.872713e+000	2.219460e-008	5.516459e-001
1.519383834453334e-002	0.000000e+000	5.000000e+000	1.938383e+000	2.219637e-008	4.657365e-001
1.519745057218881e-002	0.000000e+000	5.000000e+000	1.974506e+000	2.219794e-008	4.290958e-001
1.519800308219259e-002	0.000000e+000	5.000000e+000	1.980031e+000	2.220084e-008	4.243807e-001
1.519910810220015e-002	0.000000e+000	5.000000e+000	1.991081e+000	2.221079e-008	4.156317e-001
1.520038309234794e-002	0.000000e+000	5.000000e+000	2.003831e+000	2.227604e-008	4.059293e-001
1.520120648580380e-002	0.000000e+000	5.000000e+000	2.012065e+000	2.253210e-008	3.999027e-001
1.520194431718923e-002	0.000000e+000	5.000000e+000	2.019443e+000	2.300651e-008	3.946851e-001
1.520272786984861e-002	0.000000e+000	5.000000e+000	2.027279e+000	2.436013e-008	3.892688e-001
1.520284218648909e-002	0.000000e+000	5.000000e+000	2.028422e+000	2.435089e-008	3.884918e-001
1.520307081977007e-002	0.000000e+000	5.000000e+000	2.030708e+000	5.850870e-009	3.869538e-001
1.520311563568394e-002	0.000000e+000	5.000000e+000	2.031156e+000	-1.327609e-007	3.866536e-001
1.520320526751168e-002	0.000000e+000	5.000000e+000	2.032053e+000	-1.321866e-006	3.860552e-001
1.520322767546861e-002	0.000000e+000	5.000000e+000	2.032277e+000	-4.569784e-006	3.859058e-001
1.520327249138248e-002	0.000000e+000	5.000000e+000	2.032725e+000	-3.673841e-005	3.856077e-001
1.520329040858244e-002	0.000000e+000	5.000000e+000	2.032904e+000	-1.285520e-004	3.854886e-001
1.520330249915344e-002	0.000000e+000	5.000000e+000	2.033025e+000	-4.140266e-004	3.854080e-001
1.520331041041893e-002	0.000000e+000	5.000000e+000	2.033104e+000	-9.299432e-004	3.853554e-001
1.520331602169123e-002	0.000000e+000	5.000000e+000	2.033160e+000	-1.544636e-003	3.853183e-001
1.520331922330939e-002	0.000000e+000	5.000000e+000	2.033192e+000	-1.841437e-003	3.852971e-001
1.520332177668350e-002	0.000000e+000	5.000000e+000	2.033218e+000	-1.217719e-003	3.852801e-001
1.520332523470905e-002	0.000000e+000	5.000000e+000	2.033252e+000	3.480627e-003	3.852572e-001
1.520332846887163e-002	0.000000e+000	5.000000e+000	2.033285e+000	2.131324e-002	3.852357e-001
1.520333335601198e-002	0.000000e+000	5.000000e+000	2.033334e+000	7.569737e-002	3.852033e-001
1.520333377804122e-002	0.000000e+000	5.000000e+000	2.033338e+000	8.458916e-002	3.852005e-001
1.520333462209968e-002	0.000000e+000	5.000000e+000	2.033346e+000	1.162622e-001	3.851949e-001
1.520333631021662e-002	0.000000e+000	5.000000e+000	2.033363e+000	2.180791e-001	3.851838e-001
1.520333724410776e-002	0.000000e+000	5.000000e+000	2.033372e+000	3.109413e-001	3.851776e-001
1.520333747758055e-002	0.000000e+000	5.000000e+000	2.033375e+000	3.532824e-001	3.851761e-001
1.520333794452612e-002	0.000000e+000	5.000000e+000	2.033380e+000	5.084943e-001	3.851730e-001
1.520333828909424e-002	0.000000e+000	5.000000e+000	2.033383e+000	7.605329e-001	3.851707e-001
1.520333837523626e-002	0.000000e+000	5.000000e+000	2.033384e+000	9.991774e-001	3.851702e-001
1.520333839677177e-002	0.000000e+000	5.000000e+000	2.033384e+000	1.192200e+000	3.851700e-001
1.520333843984279e-002	0.000000e+000	5.000000e+000	2.033384e+000	1.787332e+000	3.851697e-001
1.520333845061054e-002	0.000000e+000	5.000000e+000	2.033385e+000	1.943455e+000	3.851697e-001
1.520333847214605e-002	0.000000e+000	5.000000e+000	2.033385e+000	2.262826e+000	3.851695e-001
1.520333849098962e-002	0.000000e+000	5.000000e+000	2.033385e+000	2.546535e+000	3.851694e-001
1.520333849637350e-002	0.000000e+000	5.000000e+000	2.033385e+000	2.626074e+000	3.851694e-001
1.520333850714125e-002	0.000000e+000	5.000000e+000	2.033385e+000	2.776777e+000	3.851693e-001
1.520333850983319e-002	0.000000e+000	5.000000e+000	2.033385e+000	2.808434e+000	3.851693e-001
1.520333851521706e-002	0.000000e+000	5.000000e+000	2.033385e+000	2.854062e+000	3.851693e-001
1.520333852598482e-002	0.000000e+000	5.000000e+000	2.033385e+000	2.917306e+000	3.851692e-001
1.520333854752032e-002	0.000000e+000	5.000000e+000	2.033386e+000	3.003039e+000	3.851691e-001
1.520333859059134e-002	0.000000e+000	5.000000e+000	2.033386e+000	3.122686e+000	3.851688e-001
1.520333867673337e-002	0.000000e+000	5.000000e+000	2.033387e+000	3.296349e+000	3.851682e-001
1.520333884901743e-002	0.000000e+000	5.000000e+000	2.033388e+000	3.557891e+000	3.851671e-001
1.520333908697288e-002	0.000000e+000	5.000000e+000	2.033391e+000	3.834877e+000	3.851656e-001
1.520333943383245e-002	0.000000e+000	5.000000e+000	2.033394e+000	4.138454e+000	3.851633e-001
1.520334002330643e-002	0.000000e+000	5.000000e+000	2.033400e+000	4.533003e+000	3.851594e-001
1.520334034239472e-002	0.000000e+000	5.000000e+000	2.033403e+000	4.695192e+000	3.851573e-001
1.520334062786729e-002	0.000000e+000	5.000000e+000	2.033406e+000	4.799747e+000	3.851552e-001
1.520334088215041e-002	0.000000e+000	5.000000e+000	2.033409e+000	4.863203e+000	3.851532e-001
1.520334123115987e-002	0.000000e+000	5.000000e+000	2.033412e+000	4.917222e+000	3.851505e-001
1.520334158453633e-002	0.000000e+000	5.000000e+000	2.033416e+000	4.952137e+000	3.851480e-001
1.520334195368376e-002	0.000000e+000	5.000000e+000	2.033420e+000	4.974703e+000	3.851457e-001
1.520334231277198e-002	0.000000e+000	5.000000e+000	2.033423e+000	4.985476e+000	3.851435e-001
1.520334303094843e-002	0.000000e+000	5.000000e+000	2.033430e+000	4.992853e+000	3.851391e-001
1.520334374701550e-002	0.000000e+000	5.000000e+000	2.033437e+000	4.994987e+000	3.851346e-001
1.520334507612940e-002	0.000000e+000	5.000000e+000	2.033451e+000	4.995857e+000	3.851260e-001
1.520334697198372e-002	0.000000e+000	5.000000e+000	2.033470e+000	4.996699e+000	3.851134e-001
1.520335076369236e-002	0.000000e+000	5.000000e+000	2.033508e+000	4.997725e+000	3.850883e-001
1.520335783932240e-002	0.000000e+000	5.000000e+000	2.033578e+000	4.998821e+000	3.850418e-001
1.520336576883058e-002	0.000000e+000	5.000000e+000	2.033658e+000	4.999515e+000	3.849894e-001
1.520337340684230e-002	0.000000e+000	5.000000e+000	2.033734e+000	4.999806e+000	3.849381e-001
1.520337932520992e-002	0.000000e+000	5.000000e+000	2.033793e+000	4.999864e+000	3.848986e-001
1.520338719120113e-002	0.000000e+000	5.000000e+000	2.033872e+000	4.999887e+000	3.848465e-001
1.520339942517114e-002	0.000000e+000	5.000000e+000	2.033994e+000	4.999917e+000	3.847654e-001
1.520342389311117e-002	0.000000e+000	5.000000e+000	2.034239e+000	4.999947e+000	3.846034e-001
1.520345031839867e-002	0.000000e+000	5.000000e+000	2.034503e+000	4.999965e+000	3.844287e-001
1.520348907823244e-002	0.000000e+000	5.000000e+000	2.034891e+000	4.999979e+000	3.841728e-001
1.520353595938667e-002	0.000000e+000	5.000000e+000	2.035360e+000	4.999988e+000	3.838637e-001
1.520360145064195e-002	0.000000e+000	5.000000e+000	2.036015e+000	4.999994e+000	3.834328e-001
1.520367997475231e-002	0.000000e+000	5.000000e+000	2.036800e+000	4.999992e+000	3.829170e-001
1.520369574116567e-002	0.000000e+000	5.000000e+000	2.036958e+000	4.999993e+000	3.828136e-001
1.520372727399238e-002	0.000000e+000	5.000000e+000	2.037273e+000	4.999999e+000	3.826072e-001
1.520379033964581e-002	0.000000e+000	5.000000e+000	2.037903e+000	5.000000e+000	3.821949e-001
1.520386403198614e-002	0.000000e+000	5.000000e+000	2.038640e+000	5.000000e+000	3.817143e-001
1.520395742440146e-002	0.000000e+000	5.000000e+000	2.039574e+000	5.000000e+000	3.811069e-001
1.520406967019333e-002	0.000000e+000	5.000000e+000	2.040697e+000	5.000000e+000	3.803800e-001
1.520428968791503e-002	0.000000e+000	5.000000e+000	2.042897e+000	5.000000e+000	3.789630e-001
1.520451955137794e-002	0.000000e+000	5.000000e+000	2.045196e+000	5.000000e+000	3.774934e-001
1.520483338793805e-002	0.000000e+000	5.000000e+000	2.048334e+000	5.000000e+000	3.755042e-001
1.520512695940737e-002	0.000000e+000	5.000000e+000	2.051270e+000	5.000000e+000	3.736607e-001
1.520543904804628e-002	0.000000e+000	5.000000e+000	2.054390e+000	5.000000e+000	3.717212e-001
1.520582087917772e-002	0.000000e+000	5.000000e+000	2.058209e+000	5.000000e+000	3.693810e-001
1.520658454144059e-002	0.000000e+000	5.000000e+000	2.065845e+000	5.000000e+000	3.647861e-001
1.520750975986188e-002	0.000000e+000	5.000000e+000	2.075098e+000	5.000000e+000	3.593788e-001
1.520932300134889e-002	0.000000e+000	5.000000e+000	2.093230e+000	5.000000e+000	3.491971e-001
1.521134498695141e-002	0.000000e+000	5.000000e+000	2.113450e+000	5.000000e+000	3.384674e-001
1.521494626429325e-002	0.000000e+000	5.000000e+000	2.149463e+000	5.000000e+000	3.207350e-001
1.521928365357703e-002	0.000000e+000	5.000000e+000	2.192837e+000	5.000000e+000	3.012400e-001
1.522518765991221e-002	0.000000e+000	5.000000e+000	2.251877e+000	5.000000e+000	2.774785e-001
1.523249776399899e-002	0.000000e+000	5.000000e+000	2.324978e+000	5.000000e+000	2.518180e-001
1.524560833056650e-002	0.000000e+000	5.000000e+000	2.456083e+000	5.000000e+000	2.137987e-001
1.527182946370152e-002	0.000000e+000	5.000000e+000	2.718295e+000	5.000000e+000	1.547354e-001
1.531089196370152e-002	0.000000e+000	5.000000e+000	3.108920e+000	5.000000e+000	8.966068e-002
1.534995446370152e-002	0.000000e+000	5.000000e+000	3.499545e+000	5.000000e+000	4.418727e-002
1.538901696370152e-002	0.000000e+000	5.000000e+000	3.890170e+000	5.000000e+000	1.611825e-002
1.542807946370152e-002	0.000000e+000	5.000000e+000	4.280795e+000	5.000000e+000	2.959563e-003
1.546093750000000e-002	0.000000e+000	5.000000e+000	4.609375e+000	5.000000e+000	1.251861e-004
1.550000000000000e-002	0.000000e+000	5.000000e+000	5.000000e+000	5.000000e+000	1.085656e-006
1.550457540741923e-002	0.000000e+000	5.000000e+000	5.000000e+000	5.000000e+000	1.113231e-007
2.000000000000000e-002	0.000000e+000	5.000000e+000	5.000000e+000	5.000000e+000	1.114082e-007
2.001944463357172e-002	4.861158e-002	5.000000e+000	5.000000e+000	5.000000e+000	1.113637e-007
2.003888926714343e-002	9.722316e-002	5.000000e+000	5.000000e+000	5.000000e+000	1.113300e-007
2.005833390071515e-002	1.458347e-001	5.000000e+000	5.000000e+000	5.000000e+000	1.113071e-007
2.007777853428687e-002	1.944463e-001	5.000000e+000	5.000000e+000	5.000000e+000	1.112949e-007
2.009722316785859e-002	2.430579e-001	5.000000e+000	5.000000e+000	5.000000e+000	1.112935e-007
2.011666780143030e-002	2.916695e-001	5.000000e+000	5.000000e+000	5.000000e+000	1.113029e-007
2.013611243500202e-002	3.402811e-001	5.000000e+000	5.000000e+000	5.000000e+000	1.113231e-007
2.017517493500202e-002	4.379373e-001	5.000000e+000	5.000000e+000	5.000000e+000	1.113231e-007
2.021423743500202e-002	5.355936e-001	5.000000e+000	5.000000e+000	5.000000e+000	1.113231e-007
2.025329993500202e-002	6.332498e-001	5.000000e+000	5.000000e+000	5.000000e+000	1.113231e-007
2.029236243500202e-002	7.309061e-001	5.000000e+000	5.000000e+000	5.000000e+000	1.113231e-007
2.033142493500201e-002	8.285623e-001	5.000000e+000	5.000000e+000	5.000000e+000	1.113231e-007
2.037048743500201e-002	9.262186e-001	5.000000e+000	5.000000e+000	5.000000e+000	1.113231e-007
2.040954993500201e-002	1.023875e+000	5.000000e+000	5.000000e+000	5.000000e+000	1.113231e-007
2.044861243500201e-002	1.121531e+000	5.000000e+000	5.000000e+000	5.000000e+000	1.113231e-007
2.046093750000001e-002	1.152344e+000	5.000000e+000	5.000000e+000	5.000000e+000	1.113231e-007
2.047534987000402e-002	1.188375e+000	5.000000e+000	5.000000e+000	5.000000e+000	1.113231e-007
2.050106425543895e-002	1.252661e+000	5.000000e+000	4.989357e+000	5.000000e+000	-5.328277e-007
2.051596383158426e-002	1.289910e+000	5.000000e+000	4.840362e+000	5.000000e+000	-8.566341e-007
2.053275627780405e-002	1.331891e+000	5.000000e+000	4.672437e+000	5.000000e+000	8.373519e-006
2.056175167337280e-002	1.404379e+000	5.000000e+000	4.382483e+000	5.000000e+000	9.158670e-004
2.058992244826904e-002	1.474806e+000	5.000000e+000	4.100776e+000	5.000000e+000	6.062464e-003
2.062519564669741e-002	1.562989e+000	5.000000e+000	3.748044e+000	5.000000e+000	2.246800e-002
2.066425814669741e-002	1.660645e+000	5.000000e+000	3.357419e+000	5.000000e+000	5.340659e-002
2.070332064669741e-002	1.758302e+000	5.000000e+000	2.966794e+000	5.000000e+000	9.585969e-002
2.074238314669741e-002	1.855958e+000	5.000000e+000	2.576169e+000	5.000000e+000	1.449849e-001
2.074286794270182e-002	1.857170e+000	5.000000e+000	2.571321e+000	5.000000e+000	1.455380e-001
2.074383753471064e-002	1.859594e+000	5.000000e+000	2.561625e+000	5.000000e+000	1.464839e-001
2.074577671872829e-002	1.864442e+000	5.000000e+000	2.542233e+000	5.000000e+000	1.483485e-001
2.074745140917927e-002	1.868629e+000	5.000000e+000	2.525486e+000	5.000000e+000	1.499287e-001
2.074982575651918e-002	1.874564e+000	5.000000e+000	2.501742e+000	5.000000e+000	1.521219e-001
2.075204424711801e-002	1.880111e+000	5.000000e+000	2.479558e+000	5.000000e+000	1.541381e-001
2.075229781481000e-002	1.880745e+000	5.000000e+000	2.477022e+000	5.000000e+000	1.543656e-001
2.075280495019396e-002	1.882012e+000	5.000000e+000	2.471951e+000	5.000000e+000	1.548171e-001
2.075306596293502e-002	1.882665e+000	5.000000e+000	2.469340e+000	5.000000e+000	1.550489e-001
2.075316038165546e-002	1.882901e+000	5.000000e+000	2.468396e+000	5.000000e+000	1.551326e-001
2.075320650253972e-002	1.883016e+000	5.000000e+000	2.467935e+000	5.000000e+000	1.551734e-001
2.075325269887886e-002	1.883132e+000	5.000000e+000	2.467473e+000	5.000000e+000	1.552143e-001
2.075328304022293e-002	1.883208e+000	5.000000e+000	2.467170e+000	5.000000e+000	1.552411e-001
2.075332081062810e-002	1.883302e+000	5.000000e+000	2.466792e+000	5.000000e+000	1.552745e-001
2.075336081925662e-002	1.883402e+000	5.000000e+000	2.466392e+000	5.000000e+000	1.553099e-001
2.075340566122935e-002	1.883514e+000	5.000000e+000	2.465943e+000	5.000000e+000	1.553495e-001
2.075345569605958e-002	1.883639e+000	5.000000e+000	2.465443e+000	5.000000e+000	1.553937e-001
2.075355576572003e-002	1.883889e+000	5.000000e+000	2.464442e+000	5.000000e+000	1.554820e-001
2.075367460990337e-002	1.884187e+000	5.000000e+000	2.463254e+000	5.000000e+000	1.555868e-001
2.075391229827006e-002	1.884781e+000	5.000000e+000	2.460877e+000	5.000000e+000	1.557959e-001
2.075417230820376e-002	1.885431e+000	5.000000e+000	2.458277e+000	5.000000e+000	1.560242e-001
2.075469232807115e-002	1.886731e+000	5.000000e+000	2.453077e+000	5.000000e+000	1.564791e-001
2.075525282731201e-002	1.888132e+000	5.000000e+000	2.447472e+000	5.000000e+000	1.569668e-001
2.075637382579372e-002	1.890935e+000	5.000000e+000	2.436262e+000	5.000000e+000	1.579352e-001
2.075750356440160e-002	1.893759e+000	5.000000e+000	2.424964e+000	5.000000e+000	1.589019e-001
2.075919153550680e-002	1.897979e+000	5.000000e+000	2.408085e+000	5.000000e+000	1.603307e-001
2.076050085433742e-002	1.901252e+000	5.000000e+000	2.394991e+000	5.000000e+000	1.614267e-001
2.076192650073682e-002	1.904816e+000	5.000000e+000	2.380735e+000	5.000000e+000	1.626057e-001
2.076373710671461e-002	1.909343e+000	5.000000e+000	2.362629e+000	5.000000e+000	1.640808e-001
2.076733026565804e-002	1.918326e+000	5.000000e+000	2.326697e+000	5.000000e+000	1.669540e-001
2.077155768934969e-002	1.928894e+000	5.000000e+000	2.284423e+000	5.000000e+000	1.702547e-001
2.078001253673299e-002	1.950031e+000	5.000000e+000	2.199875e+000	5.000000e+000	1.767203e-001
2.078549083391356e-002	1.963727e+000	5.000000e+000	2.145092e+000	5.000002e+000	1.808692e-001
2.078686040820871e-002	1.967151e+000	5.000000e+000	2.131396e+000	5.000002e+000	1.819040e-001
2.078959955679900e-002	1.973999e+000	5.000000e+000	2.104004e+000	5.000000e+000	1.839766e-001
2.079028434394657e-002	1.975711e+000	5.000000e+000	2.097157e+000	5.000000e+000	1.844957e-001
2.079165391824171e-002	1.979135e+000	5.000000e+000	2.083461e+000	5.000000e+000	1.855356e-001
2.079251260439807e-002	1.981282e+000	5.000000e+000	2.074874e+000	5.000000e+000	1.861884e-001
2.079321291720815e-002	1.983032e+000	5.000000e+000	2.067871e+000	5.000000e+000	1.867215e-001
2.079365180014299e-002	1.984130e+000	5.000000e+000	2.063482e+000	5.000000e+000	1.870559e-001
2.079398389421991e-002	1.984960e+000	5.000000e+000	2.060161e+000	5.000000e+000	1.873093e-001
2.079427591091485e-002	1.985690e+000	5.000000e+000	2.057241e+000	5.000000e+000	1.875323e-001
2.079461933228200e-002	1.986548e+000	5.000000e+000	2.053807e+000	5.000000e+000	1.877945e-001
2.079466684967799e-002	1.986667e+000	5.000000e+000	2.053332e+000	5.000000e+000	1.878308e-001
2.079476188446997e-002	1.986905e+000	5.000000e+000	2.052381e+000	5.000000e+000	1.879033e-001
2.079478564316796e-002	1.986964e+000	5.000000e+000	2.052144e+000	5.000000e+000	1.879214e-001
2.079479158284246e-002	1.986979e+000	5.000000e+000	2.052084e+000	5.000000e+000	1.879260e-001
2.079480643202871e-002	1.987016e+000	5.000000e+000	2.051936e+000	5.000000e+000	1.879373e-001
2.079480823514418e-002	1.987021e+000	5.000000e+000	2.051918e+000	5.000000e+000	1.879387e-001
2.079481003825965e-002	1.987025e+000	5.000000e+000	2.051900e+000	5.000000e+000	1.879401e-001
2.079481184137513e-002	1.987030e+000	5.000000e+000	2.051882e+000	5.000000e+000	1.879414e-001
2.079481364449060e-002	1.987034e+000	5.000000e+000	2.051863e+000	5.000000e+000	1.879428e-001
2.079481544760607e-002	1.987039e+000	5.000000e+000	2.051845e+000	5.000000e+000	1.879442e-001
2.079481725072154e-002	1.987043e+000	5.000000e+000	2.051828e+000	5.000000e+000	1.879456e-001
2.079481905383702e-002	1.987048e+000	5.000000e+000	2.051810e+000	5.000000e+000	1.879470e-001
2.079482202367427e-002	1.987055e+000	5.000000e+000	2.051780e+000	5.000000e+000	1.879492e-001
2.079482796334876e-002	1.987070e+000	5.000000e+000	2.051720e+000	5.000000e+000	1.879537e-001
2.079483984269776e-002	1.987100e+000	5.000000e+000	2.051602e+000	5.000000e+000	1.879628e-001
2.079486360139576e-002	1.987159e+000	5.000000e+000	2.051364e+000	5.000000e+000	1.879810e-001
2.079491111879174e-002	1.987278e+000	5.000000e+000	2.050889e+000	5.000000e+000	1.880172e-001
2.079498964547021e-002	1.987474e+000	5.000000e+000	2.050104e+000	5.000000e+000	1.880772e-001
2.079512386329091e-002	1.987810e+000	5.000000e+000	2.048761e+000	5.000000e+000	1.881796e-001
2.079518203329109e-002	1.987955e+000	5.000000e+000	2.048180e+000	5.000000e+000	1.882240e-001
2.079522000643412e-002	1.988050e+000	5.000000e+000	2.047800e+000	4.999998e+000	1.882531e-001
2.079524184221970e-002	1.988105e+000	5.000000e+000	2.047582e+000	4.999996e+000	1.882700e-001
2.079525606126647e-002	1.988140e+000	5.000000e+000	2.047439e+000	4.999996e+000	1.882809e-001
2.079527078109409e-002	1.988177e+000	5.000000e+000	2.047292e+000	4.999999e+000	1.882916e-001
2.079527276554973e-002	1.988182e+000	5.000000e+000	2.047272e+000	5.000000e+000	1.882931e-001
2.079527673446100e-002	1.988192e+000	5.000000e+000	2.047233e+000	5.000011e+000	1.882958e-001
2.079528001071872e-002	1.988200e+000	5.000000e+000	2.047200e+000	5.000022e+000	1.882976e-001
2.079528496937145e-002	1.988212e+000	5.000000e+000	2.047150e+000	5.000011e+000	1.883017e-001
2.079528928613320e-002	1.988223e+000	5.000000e+000	2.047107e+000	5.000000e+000	1.883062e-001
2.079529388547647e-002	1.988235e+000	5.000000e+000	2.047061e+000	5.000001e+000	1.883101e-001
2.079529910642071e-002	1.988248e+000	5.000000e+000	2.047009e+000	5.000000e+000	1.883140e-001
2.079530954830918e-002	1.988274e+000	5.000000e+000	2.046905e+000	5.000000e+000	1.883220e-001
2.079533043208612e-002	1.988326e+000	5.000000e+000	2.046696e+000	5.000000e+000	1.883378e-001
2.079536034075614e-002	1.988401e+000	5.000000e+000	2.046396e+000	5.000000e+000	1.883605e-001
2.079539663787721e-002	1.988492e+000	5.000000e+000	2.046034e+000	5.000000e+000	1.883882e-001
2.079545716153572e-002	1.988643e+000	5.000000e+000	2.045428e+000	5.000000e+000	1.884343e-001
2.079556060932975e-002	1.988901e+000	5.000000e+000	2.044394e+000	5.000000e+000	1.885133e-001
2.079570969639660e-002	1.989274e+000	5.000000e+000	2.042903e+000	5.000000e+000	1.886272e-001
2.079592037340583e-002	1.989801e+000	5.000000e+000	2.040796e+000	5.000000e+000	1.887882e-001
2.079623699417970e-002	1.990592e+000	5.000000e+000	2.037630e+000	5.000000e+000	1.890302e-001
2.079666099129353e-002	1.991652e+000	5.000000e+000	2.033390e+000	5.000000e+000	1.893544e-001
2.079726242156499e-002	1.993156e+000	5.000000e+000	2.027376e+000	5.000000e+000	1.898144e-001
2.079789898025156e-002	1.994747e+000	5.000000e+000	2.021010e+000	5.000000e+000	1.903018e-001
2.079835702079710e-002	1.995893e+000	5.000000e+000	2.016430e+000	5.000000e+000	1.906528e-001
2.079897869879737e-002	1.997447e+000	5.000000e+000	2.010213e+000	5.000000e+000	1.911296e-001
2.079991477841313e-002	1.999787e+000	5.000000e+000	2.000852e+000	5.000000e+000	1.918481e-001
2.080138301971152e-002	2.003458e+000	5.000000e+000	1.986170e+000	5.000000e+000	1.929762e-001
2.080307035994973e-002	2.007676e+000	5.000000e+000	1.969296e+000	5.000000e+000	1.942734e-001
2.080563536773204e-002	2.014088e+000	5.000000e+000	1.943646e+000	5.000000e+000	1.962449e-001
2.080883365668890e-002	2.022084e+000	5.000000e+000	1.911663e+000	5.000000e+000	1.986933e-001
2.081410545810515e-002	2.035264e+000	5.000000e+000	1.858945e+000	5.000000e+000	2.026602e-001
2.082206872710901e-002	2.055172e+000	5.000000e+000	1.779313e+000	5.000000e+000	2.081729e-001
2.083527832475545e-002	2.088196e+000	5.000000e+000	1.647217e+000	5.000000e+000	2.140552e-001
2.085089451332025e-002	2.127236e+000	5.000000e+000	1.491055e+000	5.000000e+000	2.109230e-001
2.086777460300927e-002	2.169436e+000	5.000000e+000	1.322254e+000	5.000000e+000	2.014391e-001
2.087640712923077e-002	2.191018e+000	5.000000e+000	1.235929e+000	5.000009e+000	2.047714e-001
2.087705942499423e-002	2.192649e+000	5.000000e+000	1.229406e+000	5.000007e+000	2.072877e-001
2.087836401652116e-002	2.195910e+000	5.000000e+000	1.216360e+000	5.000000e+000	2.193991e-001
2.088023860378917e-002	2.200597e+000	5.000000e+000	1.197614e+000	5.000000e+000	2.563480e-001
2.088139687607939e-002	2.203492e+000	5.000000e+000	1.186031e+000	5.000000e+000	3.285867e-001
2.088263718881419e-002	2.206593e+000	5.000000e+000	1.173628e+000	5.000000e+000	4.859254e-001
2.088278823465197e-002	2.206971e+000	5.000000e+000	1.172118e+000	5.000000e+000	5.146410e-001
2.088309032632753e-002	2.207726e+000	5.000000e+000	1.169097e+000	5.000000e+000	5.795435e-001
2.088315577950021e-002	2.207890e+000	5.000000e+000	1.168442e+000	5.000000e+000	5.987971e-001
2.088324529626820e-002	2.208113e+000	5.000000e+000	1.167547e+000	5.000000e+000	6.733952e-001
2.088329516926347e-002	2.208238e+000	5.000000e+000	1.167048e+000	5.000000e+000	8.347511e-001
2.088333601871230e-002	2.208340e+000	5.000000e+000	1.166640e+000	5.000000e+000	1.108963e+000
2.088334271757618e-002	2.208357e+000	5.000000e+000	1.166573e+000	5.000000e+000	1.147804e+000
2.088335611530394e-002	2.208390e+000	5.000000e+000	1.166439e+000	5.000000e+000	1.171782e+000
2.088337537024552e-002	2.208438e+000	5.000000e+000	1.166246e+000	5.000000e+000	1.171688e+000
2.088339664109420e-002	2.208492e+000	5.000000e+000	1.166034e+000	5.000000e+000	1.168367e+000
2.088342109204406e-002	2.208553e+000	5.000000e+000	1.165789e+000	5.000000e+000	1.166806e+000
2.088344530235146e-002	2.208613e+000	5.000000e+000	1.165547e+000	5.000000e+000	1.166015e+000
2.088347671352793e-002	2.208692e+000	5.000000e+000	1.165233e+000	5.000000e+000	1.165521e+000
2.088351301123222e-002	2.208782e+000	5.000000e+000	1.164870e+000	5.000000e+000	1.165079e+000
2.088357894637720e-002	2.208947e+000	5.000000e+000	1.164211e+000	5.000000e+000	1.164355e+000
2.088369711757879e-002	2.209243e+000	5.000000e+000	1.163029e+000	5.000000e+000	1.163120e+000
2.088384266066837e-002	2.209607e+000	5.000000e+000	1.161573e+000	5.000000e+000	1.161638e+000
2.088409128814069e-002	2.210228e+000	5.000000e+000	1.159087e+000	5.000000e+000	1.159130e+000
2.088443031953615e-002	2.211076e+000	5.000000e+000	1.155697e+000	5.000000e+000	1.155727e+000
2.088498838657172e-002	2.212471e+000	5.000000e+000	1.150116e+000	5.000000e+000	1.150135e+000
2.088575540858637e-002	2.214389e+000	5.000000e+000	1.142446e+000	5.000000e+000	1.142458e+000
2.088694903159266e-002	2.217373e+000	5.000000e+000	1.130510e+000	5.000000e+000	1.130515e+000
2.088864104308060e-002	2.221603e+000	5.000000e+000	1.113590e+000	5.000000e+000	1.113592e+000
2.088994571179257e-002	2.224864e+000	5.000000e+000	1.100543e+000	5.000000e+000	1.100544e+000
2.089152889168158e-002	2.228822e+000	5.000000e+000	1.084711e+000	5.000000e+000	1.084712e+000
2.089350326733837e-002	2.233758e+000	5.000000e+000	1.064967e+000	5.000000e+000	1.064968e+000
2.089716475398120e-002	2.242912e+000	5.000000e+000	1.028352e+000	5.000000e+000	1.028353e+000
2.090165369713378e-002	2.254134e+000	5.000000e+000	9.834630e-001	5.000000e+000	9.834637e-001
2.090917437253104e-002	2.272936e+000	5.000000e+000	9.082563e-001	5.000000e+000	9.082569e-001
2.092095389530561e-002	2.302385e+000	5.000000e+000	7.904611e-001	5.000000e+000	7.904615e-001
2.094186600410146e-002	2.354665e+000	5.000000e+000	5.813400e-001	5.000000e+000	5.813405e-001
2.096570878825858e-002	2.414272e+000	5.000000e+000	3.429121e-001	5.000000e+000	3.429125e-001
2.100000000000000e-002	2.500000e+000	5.000000e+000	3.907985e-014	5.000000e+000	-1.594516e-005
2.100212136106779e-002	2.505303e+000	4.989393e+000	1.302662e-014	5.000000e+000	-5.287910e-006
2.100636408320337e-002	2.515910e+000	4.968180e+000	0.000000e+000	5.000000e+000	4.037462e-008
2.101484952747454e-002	2.537124e+000	4.925752e+000	0.000000e+000	5.000000e+000	4.034159e-008
2.103182041601688e-002	2.579551e+000	4.840898e+000	0.000000e+000	5.000000e+000	4.064784e-008
2.106576219310155e-002	2.664406e+000	4.671189e+000	0.000000e+000	5.000000e+000	4.138370e-008
2.110482469310155e-002	2.762062e+000	4.475876e+000	0.000000e+000	5.000000e+000	4.210439e-008
2.114388719310155e-002	2.859718e+000	4.280564e+000	0.000000e+000	5.000000e+000	4.272214e-008
2.118294969310155e-002	2.957374e+000	4.085251e+000	0.000000e+000	5.000000e+000	4.327708e-008
2.122201219310155e-002	3.055031e+000	3.889939e+000	0.000000e+000	5.000000e+000	4.365212e-008
2.126107469310155e-002	3.152687e+000	3.694627e+000	0.000000e+000	5.000000e+000	4.378309e-008
2.130013719310155e-002	3.250343e+000	3.499314e+000	0.000000e+000	5.000000e+000	4.381871e-008
2.133919969310155e-002	3.347999e+000	3.304002e+000	0.000000e+000	5.000000e+000	4.385025e-008
2.137826219310154e-002	3.445656e+000	3.108689e+000	0.000000e+000	5.000000e+000	4.387913e-008
2.141732469310154e-002	3.543312e+000	2.913377e+000	0.000000e+000	5.000000e+000	4.390938e-008
2.145638719310154e-002	3.640968e+000	2.718064e+000	0.000000e+000	5.000000e+000	4.406119e-008
2.149544969310154e-002	3.738624e+000	2.522752e+000	0.000000e+000	5.000000e+000	4.446388e-008
2.153451219310154e-002	3.836281e+000	2.327439e+000	0.000000e+000	5.000000e+000	4.506188e-008
2.157357469310154e-002	3.933937e+000	2.132127e+000	0.000000e+000	5.000000e+000	4.552094e-008
2.157513835436307e-002	3.937846e+000	2.124308e+000	0.000000e+000	5.000000e+000	4.564246e-008
2.157826567688614e-002	3.945664e+000	2.108672e+000	0.000000e+000	5.000000e+000	4.591504e-008
2.158110661103489e-002	3.952766e+000	2.094467e+000	0.000000e+000	5.000000e+000	4.598891e-008
2.158283758129082e-002	3.957094e+000	2.085812e+000	0.000000e+000	5.000000e+000	4.603531e-008
2.158396759642710e-002	3.959919e+000	2.080162e+000	0.000000e+000	5.000000e+000	4.606652e-008
2.158473108362032e-002	3.961828e+000	2.076344e+000	0.000000e+000	5.000000e+000	4.608783e-008
2.158560074807236e-002	3.964002e+000	2.071996e+000	0.000000e+000	5.000000e+000	4.611264e-008
2.158603628286627e-002	3.965091e+000	2.069818e+000	0.000000e+000	5.000000e+000	4.612468e-008
2.158631425607586e-002	3.965786e+000	2.068429e+000	0.000000e+000	5.000000e+000	4.613301e-008
2.158655300793227e-002	3.966383e+000	2.067235e+000	0.000000e+000	5.000002e+000	4.613994e-008
2.158683225976029e-002	3.967081e+000	2.065839e+000	0.000000e+000	5.000006e+000	4.613753e-008
2.158685652286977e-002	3.967141e+000	2.065717e+000	0.000000e+000	5.000007e+000	4.614123e-008
2.158690504908875e-002	3.967263e+000	2.065475e+000	0.000000e+000	5.000010e+000	4.615020e-008
2.158700210152669e-002	3.967505e+000	2.064990e+000	0.000000e+000	5.000019e+000	4.615295e-008
2.158706800365684e-002	3.967670e+000	2.064660e+000	0.000000e+000	5.000035e+000	4.615479e-008
2.158711813894196e-002	3.967795e+000	2.064409e+000	0.000000e+000	5.000096e+000	4.615633e-008
2.158715324149831e-002	3.967883e+000	2.064234e+000	0.000000e+000	5.000333e+000	4.615724e-008
2.158717763684331e-002	3.967944e+000	2.064112e+000	0.000000e+000	5.000912e+000	4.616134e-008
2.158718809491122e-002	3.967970e+000	2.064059e+000	0.000000e+000	5.001508e+000	4.614215e-008
2.158719459030765e-002	3.967987e+000	2.064027e+000	0.000000e+000	5.002292e+000	4.622810e-008
2.158719834593669e-002	3.967996e+000	2.064008e+000	0.000000e+000	5.003309e+000	4.608050e-008
2.158720145478847e-002	3.968004e+000	2.063993e+000	0.000000e+000	5.005054e+000	4.639189e-008
2.158720341570236e-002	3.968009e+000	2.063983e+000	0.000000e+000	5.007330e+000	4.597143e-008
2.158720498752896e-002	3.968013e+000	2.063975e+000	0.000000e+000	5.009767e+000	4.589046e-008
2.158720616043286e-002	3.968015e+000	2.063969e+000	0.000000e+000	5.004429e+000	4.712797e-008
2.158720735531351e-002	3.968018e+000	2.063963e+000	0.000000e+000	4.962663e+000	4.694279e-008
2.158720865392796e-002	3.968022e+000	2.063957e+000	0.000000e+000	4.804603e+000	4.430330e-008
2.158721022444043e-002	3.968025e+000	2.063949e+000	0.000000e+000	4.444729e+000	5.122847e-008
2.158721038610657e-002	3.968026e+000	2.063948e+000	0.000000e+000	4.384887e+000	5.205359e-008
2.158721070943884e-002	3.968027e+000	2.063946e+000	0.000000e+000	4.202971e+000	4.919880e-008
2.158721135610340e-002	3.968028e+000	2.063943e+000	0.000000e+000	3.495856e+000	4.152071e-008
2.158721187631682e-002	3.968030e+000	2.063941e+000	0.000000e+000	2.241677e+000	3.992497e-008
2.158721189959278e-002	3.968030e+000	2.063941e+000	0.000000e+000	1.959137e+000	4.899521e-008
2.158721190541177e-002	3.968030e+000	2.063941e+000	0.000000e+000	1.837461e+000	5.386138e-008
2.158721191704975e-002	3.968030e+000	2.063941e+000	0.000000e+000	1.596937e+000	6.463300e-008
2.158721194032571e-002	3.968030e+000	2.063940e+000	0.000000e+000	1.129201e+000	8.723962e-008
2.158721194614470e-002	3.968030e+000	2.063940e+000	0.000000e+000	1.024545e+000	9.304775e-008
2.158721194759945e-002	3.968030e+000	2.063940e+000	0.000000e+000	1.004537e+000	9.452658e-008
2.158721195050894e-002	3.968030e+000	2.063940e+000	0.000000e+000	9.763039e-001	9.740981e-008
2.158721195632794e-002	3.968030e+000	2.063940e+000	0.000000e+000	9.367818e-001	1.025112e-007
2.158721196796592e-002	3.968030e+000	2.063940e+000	0.000000e+000	8.848255e-001	1.109579e-007
2.158721199124188e-002	3.968030e+000	2.063940e+000	0.000000e+000	8.169724e-001	1.265200e-007
2.158721203779380e-002	3.968030e+000	2.063940e+000	0.000000e+000	7.296203e-001	1.501742e-007
2.158721213089765e-002	3.968030e+000	2.063939e+000	0.000000e+000	6.238753e-001	1.461722e-007
2.158721231710534e-002	3.968031e+000	2.063938e+000	0.000000e+000	5.052934e-001	7.026740e-008
2.158721268952073e-002	3.968032e+000	2.063936e+000	0.000000e+000	3.674905e-001	-1.046321e-009
2.158721302635878e-002	3.968033e+000	2.063935e+000	0.000000e+000	2.879155e-001	3.024445e-008
2.158721370003490e-002	3.968034e+000	2.063931e+000	0.000000e+000	1.896743e-001	6.070204e-008
2.158721468410659e-002	3.968037e+000	2.063927e+000	0.000000e+000	1.045333e-001	8.289273e-009
2.158721567588163e-002	3.968039e+000	2.063922e+000	0.000000e+000	5.983460e-002	5.006459e-008
2.158721679818369e-002	3.968042e+000	2.063916e+000	0.000000e+000	3.535835e-002	7.467653e-008
2.158721781569599e-002	3.968045e+000	2.063911e+000	0.000000e+000	2.402376e-002	4.079126e-008
2.158721909797535e-002	3.968048e+000	2.063905e+000	0.000000e+000	1.614106e-002	3.932491e-008
2.158722036992338e-002	3.968051e+000	2.063898e+000	0.000000e+000	1.133257e-002	4.380972e-008
2.158722234711592e-002	3.968056e+000	2.063888e+000	0.000000e+000	6.853684e-003	4.674951e-008
2.158722489806677e-002	3.968062e+000	2.063875e+000	0.000000e+000	3.786396e-003	4.615103e-008
2.158722847466240e-002	3.968071e+000	2.063858e+000	0.000000e+000	2.070906e-003	4.614939e-008
2.158723205988143e-002	3.968080e+000	2.063840e+000	0.000000e+000	1.447178e-003	4.632961e-008
2.158723500570810e-002	3.968087e+000	2.063825e+000	0.000000e+000	1.185293e-003	4.618187e-008
2.158723845369424e-002	3.968096e+000	2.063808e+000	0.000000e+000	9.241577e-004	4.591656e-008
2.158724427761382e-002	3.968111e+000	2.063779e+000	0.000000e+000	5.198654e-004	4.619767e-008
2.158724994657059e-002	3.968125e+000	2.063750e+000	0.000000e+000	2.299693e-004	4.610430e-008
2.158725582408711e-002	3.968140e+000	2.063721e+000	0.000000e+000	7.739052e-005	4.620802e-008
2.158726163045321e-002	3.968154e+000	2.063692e+000	0.000000e+000	3.446413e-005	4.611532e-008
2.158726888813854e-002	3.968172e+000	2.063656e+000	0.000000e+000	2.359152e-005	4.616806e-008
2.158727862072709e-002	3.968197e+000	2.063607e+000	0.000000e+000	1.550453e-005	4.620749e-008
2.158729808590418e-002	3.968245e+000	2.063509e+000	0.000000e+000	8.251065e-006	4.613142e-008
2.158733382107621e-002	3.968334e+000	2.063331e+000	0.000000e+000	3.075213e-006	4.616800e-008
2.158737599345352e-002	3.968440e+000	2.063120e+000	0.000000e+000	1.201751e-006	4.615123e-008
2.158743975924605e-002	3.968599e+000	2.062801e+000	0.000000e+000	4.051837e-007	4.617317e-008
2.158752902576241e-002	3.968822e+000	2.062355e+000	0.000000e+000	1.414097e-007	4.616115e-008
2.158767067497387e-002	3.969177e+000	2.061647e+000	0.000000e+000	5.130532e-008	4.617743e-008
2.158790117836081e-002	3.969753e+000	2.060494e+000	0.000000e+000	3.217385e-008	4.617589e-008
2.158831528250614e-002	3.970788e+000	2.058424e+000	0.000000e+000	2.455666e-008	4.619242e-008
2.158880635232375e-002	3.972016e+000	2.055968e+000	0.000000e+000	2.389317e-008	4.620525e-008
2.158953993308648e-002	3.973850e+000	2.052300e+000	0.000000e+000	2.262216e-008	4.622945e-008
2.159053759663230e-002	3.976344e+000	2.047312e+000	0.000000e+000	2.277108e-008	4.625903e-008
2.159195023108524e-002	3.979876e+000	2.040249e+000	0.000000e+000	2.237948e-008	4.630409e-008
2.159334741456945e-002	3.983369e+000	2.033263e+000	0.000000e+000	2.205911e-008	4.634977e-008
2.159431746713071e-002	3.985794e+000	2.028413e+000	0.000000e+000	2.203524e-008	4.638182e-008
2.159572711406046e-002	3.989318e+000	2.021364e+000	0.000000e+000	2.235563e-008	4.642863e-008
2.159777845813185e-002	3.994446e+000	2.011108e+000	0.000000e+000	2.212005e-008	4.650150e-008
2.160078504146905e-002	4.001963e+000	1.996075e+000	0.000000e+000	2.225107e-008	4.661266e-008
2.160451341139874e-002	4.011283e+000	1.977433e+000	0.000000e+000	2.215566e-008	4.676265e-008
2.161010560880040e-002	4.025264e+000	1.949472e+000	0.000000e+000	2.224842e-008	4.701698e-008
2.161874260123566e-002	4.046856e+000	1.906287e+000	0.000000e+000	2.218151e-008	4.751309e-008
2.163285781559376e-002	4.082145e+000	1.835711e+000	0.000000e+000	2.222544e-008	4.893710e-008
2.165560478907807e-002	4.139012e+000	1.721976e+000	0.000000e+000	7.264389e-006	1.640298e-008
2.165835633387731e-002	4.145891e+000	1.708218e+000	0.000000e+000	5.434351e-006	2.730201e-008
2.166385942347580e-002	4.159648e+000	1.680703e+000	0.000000e+000	2.219407e-008	3.766210e-008
2.166731880963096e-002	4.168297e+000	1.663406e+000	0.000000e+000	2.219410e-008	1.366206e-005
2.166863112638354e-002	4.171578e+000	1.656844e+000	0.000000e+000	2.219402e-008	2.990938e-004
2.166932987293445e-002	4.173325e+000	1.653351e+000	0.000000e+000	2.219407e-008	8.420557e-004
2.166996136359987e-002	4.174903e+000	1.650193e+000	0.000000e+000	2.219404e-008	1.595227e-003
2.167048124377945e-002	4.176203e+000	1.647594e+000	0.000000e+000	2.219405e-008	2.270311e-003
2.167103852099133e-002	4.177596e+000	1.644807e+000	0.000000e+000	2.219411e-008	3.027707e-003
2.167196356587562e-002	4.179909e+000	1.640182e+000	0.000000e+000	2.219407e-008	4.327446e-003
2.167280238748060e-002	4.182006e+000	1.635988e+000	0.000000e+000	2.219409e-008	5.559377e-003
2.167437225052909e-002	4.185931e+000	1.628139e+000	0.000000e+000	2.219406e-008	7.987951e-003
2.167597960302459e-002	4.189949e+000	1.620102e+000	0.000000e+000	2.219408e-008	1.071879e-002
2.167919430801559e-002	4.197986e+000	1.604028e+000	0.000000e+000	2.219406e-008	1.732045e-002
2.168181273030727e-002	4.204532e+000	1.590936e+000	0.000000e+000	2.214066e-008	2.407646e-002
2.168190333224322e-002	4.204758e+000	1.590483e+000	0.000000e+000	2.215723e-008	2.448398e-002
2.168208453611512e-002	4.205211e+000	1.589577e+000	0.000000e+000	2.219406e-008	2.589381e-002
2.168235293481381e-002	4.205883e+000	1.588235e+000	0.000000e+000	2.219405e-008	3.003899e-002
2.168265592115995e-002	4.206640e+000	1.586720e+000	0.000000e+000	2.219421e-008	3.840258e-002
2.168272094494373e-002	4.206802e+000	1.586395e+000	0.000000e+000	2.219418e-008	4.160664e-002
2.168285099251130e-002	4.207128e+000	1.585745e+000	0.000000e+000	2.219406e-008	5.731246e-002
2.168311108764643e-002	4.207778e+000	1.584445e+000	0.000000e+000	2.219404e-008	1.299519e-001
2.168316726525316e-002	4.207918e+000	1.584164e+000	0.000000e+000	2.219408e-008	1.862177e-001
2.168318130965484e-002	4.207953e+000	1.584093e+000	0.000000e+000	2.219595e-008	2.314691e-001
2.168318482075526e-002	4.207962e+000	1.584076e+000	0.000000e+000	2.221911e-008	2.577996e-001
2.168318569853037e-002	4.207964e+000	1.584072e+000	0.000000e+000	2.226041e-008	2.725050e-001
2.168318745408058e-002	4.207969e+000	1.584063e+000	0.000000e+000	2.272044e-008	3.259478e-001
2.168318789296813e-002	4.207970e+000	1.584061e+000	0.000000e+000	2.332468e-008	3.614091e-001
2.168318877074324e-002	4.207972e+000	1.584056e+000	0.000000e+000	2.463824e-008	4.899983e-001
2.168318899018701e-002	4.207973e+000	1.584055e+000	0.000000e+000	2.432806e-008	5.394624e-001
2.168318942907456e-002	4.207973e+000	1.584053e+000	0.000000e+000	2.374960e-008	6.891462e-001
2.168319030684967e-002	4.207976e+000	1.584049e+000	0.000000e+000	2.457800e-008	1.064797e+000
2.168319033428014e-002	4.207976e+000	1.584048e+000	0.000000e+000	2.308140e-008	1.078449e+000
2.168319038914109e-002	4.207976e+000	1.584048e+000	0.000000e+000	1.626261e-008	1.106063e+000
2.168319049886297e-002	4.207976e+000	1.584048e+000	0.000000e+000	8.853362e-009	1.150825e+000
2.168319071830675e-002	4.207977e+000	1.584046e+000	0.000000e+000	1.947505e-008	1.216442e+000
2.168319115719430e-002	4.207978e+000	1.584044e+000	0.000000e+000	4.624150e-008	1.316041e+000
2.168319203496941e-002	4.207980e+000	1.584040e+000	0.000000e+000	4.839918e-008	1.492449e+000
2.168319325086952e-002	4.207983e+000	1.584034e+000	0.000000e+000	8.043162e-009	1.723192e+000
2.168319404792814e-002	4.207985e+000	1.584030e+000	0.000000e+000	-3.211284e-009	1.844069e+000
2.168319511292563e-002	4.207988e+000	1.584024e+000	0.000000e+000	-1.278002e-008	1.948473e+000
2.168319616790321e-002	4.207991e+000	1.584019e+000	0.000000e+000	-8.342989e-009	2.018107e+000
2.168319718095638e-002	4.207993e+000	1.584014e+000	0.000000e+000	2.661050e-008	2.074870e+000
2.168319878171442e-002	4.207997e+000	1.584006e+000	0.000000e+000	4.048605e-008	2.162794e+000
2.168320198323050e-002	4.208005e+000	1.583990e+000	0.000000e+000	2.389550e-008	2.335712e+000
2.168320623281358e-002	4.208015e+000	1.583969e+000	0.000000e+000	2.306746e-008	2.553194e+000
2.168321297872899e-002	4.208033e+000	1.583935e+000	0.000000e+000	2.210857e-008	2.854701e+000
2.168321926395298e-002	4.208048e+000	1.583904e+000	0.000000e+000	2.294652e-008	3.065829e+000
2.168322521182785e-002	4.208063e+000	1.583874e+000	0.000000e+000	2.236091e-008	3.186249e+000
2.168323225940534e-002	4.208081e+000	1.583839e+000	0.000000e+000	2.209998e-008	3.255424e+000
2.168324029928157e-002	4.208101e+000	1.583799e+000	0.000000e+000	2.205234e-008	3.287187e+000
2.168324889904766e-002	4.208122e+000	1.583755e+000	0.000000e+000	2.227231e-008	3.298025e+000
2.168326017025891e-002	4.208150e+000	1.583699e+000	0.000000e+000	2.206072e-008	3.301558e+000
2.168327683156544e-002	4.208192e+000	1.583616e+000	0.000000e+000	2.230647e-008	3.302745e+000
2.168434968383716e-002	4.210874e+000	1.578252e+000	0.000000e+000	2.223473e-008	3.327853e+000
2.168542253610888e-002	4.213556e+000	1.572887e+000	0.000000e+000	2.218158e-008	3.351873e+000
2.168649538838060e-002	4.216238e+000	1.567523e+000	0.000000e+000	2.214701e-008	3.374806e+000
2.168756824065232e-002	4.218920e+000	1.562159e+000	0.000000e+000	2.213104e-008	3.396653e+000
2.168864109292404e-002	4.221603e+000	1.556795e+000	0.000000e+000	2.213364e-008	3.417412e+000
2.168971394519575e-002	4.224285e+000	1.551430e+000	0.000000e+000	2.215484e-008	3.437083e+000
2.169078679746747e-002	4.226967e+000	1.546066e+000	0.000000e+000	2.219462e-008	3.455668e+000
2.169832621421618e-002	4.245816e+000	1.508369e+000	0.000000e+000	2.219377e-008	3.573793e+000
2.171340504771359e-002	4.283513e+000	1.432975e+000	0.000000e+000	2.219414e-008	3.762441e+000
2.173517822511311e-002	4.337945e+000	1.324109e+000	0.000000e+000	2.219399e-008	3.973107e+000
2.176744174421471e-002	4.418604e+000	1.162791e+000	0.000000e+000	2.219408e-008	4.209596e+000
2.180650424421471e-002	4.516261e+000	9.674788e-001	0.000000e+000	2.219405e-008	4.425854e+000
2.184556674421471e-002	4.613917e+000	7.721663e-001	0.000000e+000	2.219405e-008	4.586185e+000
2.188462924421471e-002	4.711573e+000	5.768538e-001	0.000000e+000	2.219405e-008	4.706953e+000
2.192369174421471e-002	4.809229e+000	3.815413e-001	0.000000e+000	2.219405e-008	4.809042e+000
2.196275424421471e-002	4.906886e+000	1.862288e-001	0.000000e+000	2.219406e-008	4.906878e+000
2.200000000000000e-002	5.000000e+000	4.440892e-015	0.000000e+000	-1.119257e-008	4.999990e+000
2.200372457557853e-002	5.000000e+000	1.480297e-015	0.000000e+000	1.106499e-008	4.999996e+000
2.201117372673559e-002	5.000000e+000	0.000000e+000	0.000000e+000	2.219405e-008	5.000000e+000
2.500000000000000e-002	5.000000e+000	0.000000e+000	0.000000e+000	2.219463e-008	5.000000e+000
2.501579517726024e-002	5.000000e+000	0.000000e+000	1.579518e-001	2.219405e-008	5.000003e+000
2.503264336633783e-002	5.000000e+000	0.000000e+000	3.264337e-001	2.219405e-008	4.998815e+000
2.506633974449301e-002	5.000000e+000	0.000000e+000	6.633974e-001	2.219405e-008	4.958813e+000
2.510030758936458e-002	5.000000e+000	0.000000e+000	1.003076e+000	2.219405e-008	4.780395e+000
2.513937008936458e-002	5.000000e+000	0.000000e+000	1.393701e+000	2.219406e-008	3.970966e+000
2.517843258936458e-002	5.000000e+000	0.000000e+000	1.784326e+000	2.219482e-008	1.979775e+000
2.517904294092708e-002	5.000000e+000	0.000000e+000	1.790429e+000	2.219468e-008	1.714312e+000
2.518026364405208e-002	5.000000e+000	0.000000e+000	1.802636e+000	2.219369e-008	8.497228e-001
2.518050727300468e-002	5.000000e+000	0.000000e+000	1.805073e+000	2.219384e-008	7.629033e-001
2.518099453090989e-002	5.000000e+000	0.000000e+000	1.809945e+000	2.219436e-008	7.244825e-001
2.518196904672030e-002	5.000000e+000	0.000000e+000	1.819690e+000	2.219430e-008	6.767903e-001
2.518391807834112e-002	5.000000e+000	0.000000e+000	1.839181e+000	2.219441e-008	6.177504e-001
2.518781614158276e-002	5.000000e+000	0.000000e+000	1.878161e+000	2.219465e-008	5.435938e-001
2.519389628555012e-002	5.000000e+000	0.000000e+000	1.938963e+000	2.219633e-008	4.645968e-001
2.519735242871305e-002	5.000000e+000	0.000000e+000	1.973524e+000	2.219830e-008	4.299022e-001
2.519792240291230e-002	5.000000e+000	0.000000e+000	1.979224e+000	2.220098e-008	4.250329e-001
2.519906235131081e-002	5.000000e+000	0.000000e+000	1.990623e+000	2.221025e-008	4.159949e-001
2.520036873868781e-002	5.000000e+000	0.000000e+000	2.003687e+000	2.227497e-008	4.060394e-001
2.520121193217946e-002	5.000000e+000	0.000000e+000	2.012119e+000	2.253548e-008	3.998657e-001
2.520196775957798e-002	5.000000e+000	0.000000e+000	2.019678e+000	2.303646e-008	3.945234e-001
2.520276823575997e-002	5.000000e+000	0.000000e+000	2.027682e+000	2.460057e-008	3.889954e-001
2.520287950741140e-002	5.000000e+000	0.000000e+000	2.028795e+000	2.300652e-008	3.882399e-001
2.520310205071423e-002	5.000000e+000	0.000000e+000	2.031020e+000	-2.001924e-008	3.867447e-001
2.520314020607044e-002	5.000000e+000	0.000000e+000	2.031402e+000	-2.540006e-007	3.864893e-001
2.520321651678286e-002	5.000000e+000	0.000000e+000	2.032165e+000	-2.023452e-006	3.859802e-001
2.520323559446097e-002	5.000000e+000	0.000000e+000	2.032356e+000	-5.695377e-006	3.858531e-001
2.520327374981718e-002	5.000000e+000	0.000000e+000	2.032737e+000	-3.696889e-005	3.855993e-001
2.520328995269517e-002	5.000000e+000	0.000000e+000	2.032900e+000	-1.137334e-004	3.854916e-001
2.520330083889856e-002	5.000000e+000	0.000000e+000	2.033008e+000	-3.341531e-004	3.854191e-001
2.520330831869909e-002	5.000000e+000	0.000000e+000	2.033083e+000	-7.923403e-004	3.853693e-001
2.520331940210215e-002	5.000000e+000	0.000000e+000	2.033194e+000	-1.362435e-003	3.852959e-001
2.520332364248041e-002	5.000000e+000	0.000000e+000	2.033237e+000	7.486159e-004	3.852678e-001
2.520332679685102e-002	5.000000e+000	0.000000e+000	2.033268e+000	8.966293e-003	3.852468e-001
2.520333042958597e-002	5.000000e+000	0.000000e+000	2.033304e+000	4.076008e-002	3.852227e-001
2.520333450675289e-002	5.000000e+000	0.000000e+000	2.033345e+000	1.124851e-001	3.851957e-001
2.520333500242681e-002	5.000000e+000	0.000000e+000	2.033350e+000	1.301107e-001	3.851924e-001
2.520333599377465e-002	5.000000e+000	0.000000e+000	2.033360e+000	2.033671e-001	3.851858e-001
2.520333756575033e-002	5.000000e+000	0.000000e+000	2.033376e+000	3.940863e-001	3.851755e-001
2.520333778120794e-002	5.000000e+000	0.000000e+000	2.033378e+000	4.594707e-001	3.851741e-001
2.520333821212316e-002	5.000000e+000	0.000000e+000	2.033382e+000	7.665191e-001	3.851712e-001
2.520333831985196e-002	5.000000e+000	0.000000e+000	2.033383e+000	1.074827e+000	3.851705e-001
2.520333834678416e-002	5.000000e+000	0.000000e+000	2.033383e+000	1.328798e+000	3.851704e-001
2.520333840064856e-002	5.000000e+000	0.000000e+000	2.033384e+000	2.099696e+000	3.851700e-001
2.520333841411466e-002	5.000000e+000	0.000000e+000	2.033384e+000	2.298633e+000	3.851699e-001
2.520333844104686e-002	5.000000e+000	0.000000e+000	2.033384e+000	2.698852e+000	3.851697e-001
2.520333844777991e-002	5.000000e+000	0.000000e+000	2.033385e+000	2.781098e+000	3.851697e-001
2.520333846124601e-002	5.000000e+000	0.000000e+000	2.033385e+000	2.883434e+000	3.851696e-001
2.520333848817821e-002	5.000000e+000	0.000000e+000	2.033385e+000	3.000606e+000	3.851694e-001
2.520333854204261e-002	5.000000e+000	0.000000e+000	2.033386e+000	3.147107e+000	3.851691e-001
2.520333864630623e-002	5.000000e+000	0.000000e+000	2.033386e+000	3.346730e+000	3.851684e-001
2.520333883390084e-002	5.000000e+000	0.000000e+000	2.033388e+000	3.616360e+000	3.851672e-001
2.520333908130305e-002	5.000000e+000	0.000000e+000	2.033391e+000	3.888431e+000	3.851656e-001
2.520333946667640e-002	5.000000e+000	0.000000e+000	2.033395e+000	4.203080e+000	3.851631e-001
2.520334016541041e-002	5.000000e+000	0.000000e+000	2.033402e+000	4.632622e+000	3.851585e-001
2.520334043669500e-002	5.000000e+000	0.000000e+000	2.033404e+000	4.754844e+000	3.851566e-001
2.520334071172372e-002	5.000000e+000	0.000000e+000	2.033407e+000	4.837359e+000	3.851545e-001
2.520334100597080e-002	5.000000e+000	0.000000e+000	2.033410e+000	4.894689e+000	3.851521e-001
2.520334135681693e-002	5.000000e+000	0.000000e+000	2.033414e+000	4.937700e+000	3.851495e-001
2.520334165037912e-002	5.000000e+000	0.000000e+000	2.033417e+000	4.961501e+000	3.851475e-001
2.520334200673909e-002	5.000000e+000	0.000000e+000	2.033420e+000	4.978524e+000	3.851454e-001
2.520334248464430e-002	5.000000e+000	0.000000e+000	2.033425e+000	4.988853e+000	3.851425e-001
2.520334319562375e-002	5.000000e+000	0.000000e+000	2.033432e+000	4.993789e+000	3.851381e-001
2.520334406256088e-002	5.000000e+000	0.000000e+000	2.033441e+000	4.995274e+000	3.851326e-001
2.520334550601689e-002	5.000000e+000	0.000000e+000	2.033455e+000	4.996093e+000	3.851231e-001
2.520334829814574e-002	5.000000e+000	0.000000e+000	2.033483e+000	4.997120e+000	3.851046e-001
2.520335388240343e-002	5.000000e+000	0.000000e+000	2.033539e+000	4.998298e+000	3.850678e-001
2.520336065311830e-002	5.000000e+000	0.000000e+000	2.033607e+000	4.999152e+000	3.850234e-001
2.520336714350607e-002	5.000000e+000	0.000000e+000	2.033671e+000	4.999617e+000	3.849802e-001
2.520337408617538e-002	5.000000e+000	0.000000e+000	2.033741e+000	4.999816e+000	3.849335e-001
2.520338104930563e-002	5.000000e+000	0.000000e+000	2.033810e+000	4.999867e+000	3.848872e-001
2.520338735458174e-002	5.000000e+000	0.000000e+000	2.033874e+000	4.999888e+000	3.848454e-001
2.520339996513395e-002	5.000000e+000	0.000000e+000	2.034000e+000	4.999917e+000	3.847618e-001
2.520342518623838e-002	5.000000e+000	0.000000e+000	2.034252e+000	4.999948e+000	3.845949e-001
2.520345075501607e-002	5.000000e+000	0.000000e+000	2.034508e+000	4.999965e+000	3.844258e-001
2.520348943425242e-002	5.000000e+000	0.000000e+000	2.034894e+000	4.999979e+000	3.841704e-001
2.520353706141081e-002	5.000000e+000	0.000000e+000	2.035371e+000	4.999988e+000	3.838564e-001
2.520360198019252e-002	5.000000e+000	0.000000e+000	2.036020e+000	4.999994e+000	3.834293e-001
2.520368139162804e-002	5.000000e+000	0.000000e+000	2.036814e+000	4.999997e+000	3.829077e-001
2.520369716270243e-002	5.000000e+000	0.000000e+000	2.036972e+000	4.999998e+000	3.828043e-001
2.520372870485120e-002	5.000000e+000	0.000000e+000	2.037287e+000	4.999999e+000	3.825978e-001
2.520379178914875e-002	5.000000e+000	0.000000e+000	2.037918e+000	5.000000e+000	3.821855e-001
2.520386564763482e-002	5.000000e+000	0.000000e+000	2.038656e+000	5.000000e+000	3.817038e-001
2.520395895408481e-002	5.000000e+000	0.000000e+000	2.039590e+000	5.000000e+000	3.810970e-001
2.520407254551386e-002	5.000000e+000	0.000000e+000	2.040725e+000	5.000000e+000	3.803614e-001
2.520429599354690e-002	5.000000e+000	0.000000e+000	2.042960e+000	5.000000e+000	3.789225e-001
2.520452397033094e-002	5.000000e+000	0.000000e+000	2.045240e+000	5.000000e+000	3.774651e-001
2.520483577983339e-002	5.000000e+000	0.000000e+000	2.048358e+000	5.000000e+000	3.754890e-001
2.520512389775771e-002	5.000000e+000	0.000000e+000	2.051239e+000	5.000000e+000	3.736797e-001
2.520543574027521e-002	5.000000e+000	0.000000e+000	2.054357e+000	5.000000e+000	3.717417e-001
2.520581826488564e-002	5.000000e+000	0.000000e+000	2.058183e+000	5.000000e+000	3.693970e-001
2.520658331410649e-002	5.000000e+000	0.000000e+000	2.065833e+000	5.000000e+000	3.647934e-001
2.520750574688392e-002	5.000000e+000	0.000000e+000	2.075058e+000	5.000000e+000	3.594017e-001
2.520931462620009e-002	5.000000e+000	0.000000e+000	2.093146e+000	5.000000e+000	3.492429e-001
2.521133576770872e-002	5.000000e+000	0.000000e+000	2.113358e+000	5.000000e+000	3.385151e-001
2.521493131325701e-002	5.000000e+000	0.000000e+000	2.149313e+000	5.000000e+000	3.208054e-001
2.521926500168276e-002	5.000000e+000	0.000000e+000	2.192650e+000	5.000000e+000	3.013199e-001
2.522516370763681e-002	5.000000e+000	0.000000e+000	2.251637e+000	5.000000e+000	2.775692e-001
2.523246539559369e-002	5.000000e+000	0.000000e+000	2.324654e+000	5.000000e+000	2.519198e-001
2.524549999366594e-002	5.000000e+000	0.000000e+000	2.455000e+000	5.000000e+000	2.140710e-001
2.527156918981043e-002	5.000000e+000	0.000000e+000	2.715692e+000	5.000000e+000	1.552455e-001
2.531063168981043e-002	5.000000e+000	0.000000e+000	3.106317e+000	5.000000e+000	9.002975e-002
2.534969418981043e-002	5.000000e+000	0.000000e+000	3.496942e+000	5.000000e+000	4.443040e-002
2.538875668981043e-002	5.000000e+000	0.000000e+000	3.887567e+000	5.000000e+000	1.625075e-002
2.542781918981043e-002	5.000000e+000	0.000000e+000	4.278192e+000	5.000000e+000	3.012354e-003
2.546093750000000e-002	5.000000e+000	0.000000e+000	4.609375e+000	5.000000e+000	1.303060e-004
2.550000000000000e-002	5.000000e+000	0.000000e+000	5.000000e+000	5.000000e+000	1.085892e-006
2.550457540741928e-002	5.000000e+000	0.000000e+000	5.000000e+000	5.000000e+000	1.113231e-007
3.000000000000000e-002	5.000000e+000	0.000000e+000	5.000000e+000	5.000000e+000	1.114083e-007
3.005798743500128e-002	5.000000e+000	2.899372e-001	5.000000e+000	5.000000e+000	1.112946e-007
3.009704993500128e-002	5.000000e+000	4.852497e-001	5.000000e+000	5.000000e+000	1.091920e-007
3.013611243500127e-002	5.000000e+000	6.805622e-001	5.000000e+000	5.000000e+000	9.490571e-008
3.017517493500127e-002	5.000000e+000	8.758747e-001	5.000000e+000	5.000000e+000	6.513921e-008
3.021423743500127e-002	5.000000e+000	1.071187e+000	5.000000e+000	5.000000e+000	2.932735e-008
3.025329993500127e-002	5.000000e+000	1.266500e+000	5.000000e+000	5.000000e+000	3.948664e-008
3.029236243500127e-002	5.000000e+000	1.461812e+000	5.000000e+000	5.000000e+000	3.243642e-005
3.033142493500127e-002	5.000000e+000	1.657125e+000	5.000000e+000	5.000000e+000	3.463675e-003
3.037048743500127e-002	5.000000e+000	1.852437e+000	5.000000e+000	5.000000e+000	1.420400e-002
3.037220065073342e-002	5.000000e+000	1.861003e+000	5.000000e+000	5.000000e+000	1.556911e-002
3.037562708219771e-002	5.000000e+000	1.878135e+000	5.000000e+000	5.000000e+000	2.046784e-002
3.038247994512630e-002	5.000000e+000	1.912400e+000	5.000000e+000	5.000000e+000	3.638398e-002
3.039323132931540e-002	5.000000e+000	1.966157e+000	5.000000e+000	5.000000e+000	7.424045e-002
3.039435857952384e-002	5.000000e+000	1.971793e+000	5.000000e+000	5.000000e+000	8.108268e-002
3.039661307994072e-002	5.000000e+000	1.983065e+000	5.000000e+000	5.000000e+000	1.025985e-001
3.039849966450078e-002	5.000000e+000	1.992498e+000	5.000000e+000	5.000000e+000	1.299597e-001
3.039992628187027e-002	5.000000e+000	1.999631e+000	5.000000e+000	5.000000e+000	1.678403e-001
3.040099036759729e-002	5.000000e+000	2.004952e+000	5.000000e+000	5.000000e+000	2.319278e-001
3.040210932830011e-002	5.000000e+000	2.010547e+000	5.000000e+000	5.000000e+000	3.877875e-001
3.040321807336708e-002	5.000000e+000	2.016090e+000	5.000000e+000	5.000000e+000	6.532360e-001
3.040332883012205e-002	5.000000e+000	2.016644e+000	5.000000e+000	5.000000e+000	7.002572e-001
3.040355034363198e-002	5.000000e+000	2.017752e+000	5.000000e+000	5.000000e+000	8.361653e-001
3.040360572200947e-002	5.000000e+000	2.018028e+000	5.000000e+000	5.000000e+000	8.841978e-001
3.040371647876444e-002	5.000000e+000	2.018582e+000	5.000000e+000	5.000000e+000	1.015330e+000
3.040374416795318e-002	5.000000e+000	2.018721e+000	5.000000e+000	5.000000e+000	1.072514e+000
3.040379954633066e-002	5.000000e+000	2.018998e+000	5.000000e+000	5.000000e+000	1.303298e+000
3.040382420261108e-002	5.000000e+000	2.019121e+000	5.000000e+000	5.000000e+000	1.554495e+000
3.040384727036624e-002	5.000000e+000	2.019236e+000	5.000000e+000	5.000000e+000	1.977737e+000
3.040386480406713e-002	5.000000e+000	2.019324e+000	5.000000e+000	5.000000e+000	2.396989e+000
3.040388280801886e-002	5.000000e+000	2.019414e+000	5.000000e+000	5.000000e+000	2.882470e+000
3.040388527470554e-002	5.000000e+000	2.019426e+000	5.000000e+000	5.000000e+000	2.958707e+000
3.040389020807889e-002	5.000000e+000	2.019451e+000	5.000000e+000	5.000000e+000	3.124993e+000
3.040389532087278e-002	5.000000e+000	2.019477e+000	5.000000e+000	5.000000e+000	3.267657e+000
3.040390170508799e-002	5.000000e+000	2.019509e+000	5.000000e+000	5.000000e+000	3.374914e+000
3.040390711414820e-002	5.000000e+000	2.019536e+000	5.000000e+000	5.000000e+000	3.426559e+000
3.040391419861466e-002	5.000000e+000	2.019571e+000	5.000000e+000	5.000000e+000	3.477121e+000
3.040392708208858e-002	5.000000e+000	2.019635e+000	5.000000e+000	5.000000e+000	3.552538e+000
3.040394779099040e-002	5.000000e+000	2.019739e+000	5.000000e+000	5.000000e+000	3.649444e+000
3.040398308570778e-002	5.000000e+000	2.019915e+000	5.000000e+000	5.000000e+000	3.778514e+000
3.040405282110198e-002	5.000000e+000	2.020264e+000	5.000000e+000	5.000000e+000	3.972535e+000
3.040416194577505e-002	5.000000e+000	2.020810e+000	5.000000e+000	5.000000e+000	4.196232e+000
3.040438019512121e-002	5.000000e+000	2.021901e+000	5.000000e+000	5.000000e+000	4.530047e+000
3.040451046731088e-002	5.000000e+000	2.022552e+000	5.000000e+000	5.000000e+000	4.691554e+000
3.040454303535830e-002	5.000000e+000	2.022715e+000	5.000000e+000	5.000000e+000	4.725860e+000
3.040460817145314e-002	5.000000e+000	2.023041e+000	5.000000e+000	5.000000e+000	4.788706e+000
3.040463970647691e-002	5.000000e+000	2.023199e+000	5.000000e+000	5.000001e+000	4.817379e+000
3.040466024526443e-002	5.000000e+000	2.023301e+000	5.000000e+000	5.000002e+000	4.835007e+000
3.040467760246807e-002	5.000000e+000	2.023388e+000	5.000000e+000	5.000000e+000	4.849266e+000
3.040469578031779e-002	5.000000e+000	2.023479e+000	5.000000e+000	5.000000e+000	4.863602e+000
3.040471349141010e-002	5.000000e+000	2.023567e+000	5.000000e+000	4.999999e+000	4.877191e+000
3.040473252155005e-002	5.000000e+000	2.023663e+000	5.000000e+000	4.999997e+000	4.891753e+000
3.040474877922300e-002	5.000000e+000	2.023744e+000	5.000000e+000	4.999995e+000	4.904267e+000
3.040475105547223e-002	5.000000e+000	2.023755e+000	5.000000e+000	4.999995e+000	4.905981e+000
3.040475560797068e-002	5.000000e+000	2.023778e+000	5.000000e+000	4.999995e+000	4.909313e+000
3.040475662220748e-002	5.000000e+000	2.023783e+000	5.000000e+000	4.999996e+000	4.910047e+000
3.040475865068108e-002	5.000000e+000	2.023793e+000	5.000000e+000	4.999996e+000	4.911502e+000
3.040475915779948e-002	5.000000e+000	2.023796e+000	5.000000e+000	4.999996e+000	4.911865e+000
3.040476017203628e-002	5.000000e+000	2.023801e+000	5.000000e+000	4.999996e+000	4.912587e+000
3.040476042559548e-002	5.000000e+000	2.023802e+000	5.000000e+000	4.999996e+000	4.912767e+000
3.040476093271388e-002	5.000000e+000	2.023805e+000	5.000000e+000	4.999997e+000	4.913127e+000
3.040476105949348e-002	5.000000e+000	2.023805e+000	5.000000e+000	5.000000e+000	4.913218e+000
3.040476115457818e-002	5.000000e+000	2.023806e+000	5.000000e+000	5.000006e+000	4.913285e+000
3.040476128135778e-002	5.000000e+000	2.023806e+000	5.000000e+000	5.000010e+000	4.913374e+000
3.040476153491699e-002	5.000000e+000	2.023808e+000	5.000000e+000	5.000012e+000	4.913554e+000
3.040476204203538e-002	5.000000e+000	2.023810e+000	5.000000e+000	5.000013e+000	4.913914e+000
3.040476305627218e-002	5.000000e+000	2.023815e+000	5.000000e+000	5.000027e+000	4.914630e+000
3.040476508474578e-002	5.000000e+000	2.023825e+000	5.000000e+000	5.000072e+000	4.916057e+000
3.040476847078715e-002	5.000000e+000	2.023842e+000	5.000000e+000	5.000134e+000	4.918421e+000
3.040477189597003e-002	5.000000e+000	2.023860e+000	5.000000e+000	5.000123e+000	4.920789e+000
3.040477453027316e-002	5.000000e+000	2.023873e+000	5.000000e+000	5.000034e+000	4.922583e+000
3.040477632162095e-002	5.000000e+000	2.023882e+000	5.000000e+000	4.999950e+000	4.923765e+000
3.040477790241247e-002	5.000000e+000	2.023890e+000	5.000000e+000	4.999928e+000	4.924762e+000
3.040477972294493e-002	5.000000e+000	2.023899e+000	5.000000e+000	4.999979e+000	4.925879e+000
3.040478118359348e-002	5.000000e+000	2.023906e+000	5.000000e+000	5.000478e+000	4.926776e+000
3.040478178743989e-002	5.000000e+000	2.023909e+000	5.000000e+000	5.001615e+000	4.927159e+000
3.040478229070990e-002	5.000000e+000	2.023911e+000	5.000000e+000	5.002544e+000	4.927518e+000
3.040478304461419e-002	5.000000e+000	2.023915e+000	5.000000e+000	5.001613e+000	4.928124e+000
3.040478357376141e-002	5.000000e+000	2.023918e+000	5.000000e+000	5.000465e+000	4.928548e+000
3.040478417055289e-002	5.000000e+000	2.023921e+000	5.000000e+000	5.000114e+000	4.928979e+000
3.040478503840584e-002	5.000000e+000	2.023925e+000	5.000000e+000	5.000100e+000	4.929539e+000
3.040478620658144e-002	5.000000e+000	2.023931e+000	5.000000e+000	5.000008e+000	4.930254e+000
3.040478822019346e-002	5.000000e+000	2.023941e+000	5.000000e+000	4.999993e+000	4.931466e+000
3.040479222745110e-002	5.000000e+000	2.023961e+000	5.000000e+000	4.999962e+000	4.933856e+000
3.040480013011547e-002	5.000000e+000	2.024001e+000	5.000000e+000	4.999964e+000	4.938517e+000
3.040481126176191e-002	5.000000e+000	2.024056e+000	5.000000e+000	4.999967e+000	4.944351e+000
3.040482195830716e-002	5.000000e+000	2.024110e+000	5.000000e+000	4.999971e+000	4.948398e+000
3.040483451193359e-002	5.000000e+000	2.024173e+000	5.000000e+000	4.999973e+000	4.952615e+000
3.040484721433127e-002	5.000000e+000	2.024236e+000	5.000000e+000	4.999976e+000	4.958305e+000
3.040485895758844e-002	5.000000e+000	2.024295e+000	5.000000e+000	4.999979e+000	4.964343e+000
3.040487166259483e-002	5.000000e+000	2.024358e+000	5.000000e+000	4.999982e+000	4.970558e+000
3.040489707260763e-002	5.000000e+000	2.024485e+000	5.000000e+000	4.999984e+000	4.980917e+000
3.040494789263321e-002	5.000000e+000	2.024740e+000	5.000000e+000	4.999989e+000	4.993956e+000
3.040500387340880e-002	5.000000e+000	2.025019e+000	5.000000e+000	4.999992e+000	4.999217e+000
3.040506601803568e-002	5.000000e+000	2.025330e+000	5.000000e+000	4.999994e+000	4.999924e+000
3.040513072189385e-002	5.000000e+000	2.025654e+000	5.000000e+000	4.999996e+000	4.999929e+000
3.040520465750806e-002	5.000000e+000	2.026023e+000	5.000000e+000	4.999997e+000	4.999929e+000
3.040535252873649e-002	5.000000e+000	2.026763e+000	5.000000e+000	4.999999e+000	4.999928e+000
3.040564397355109e-002	5.000000e+000	2.028220e+000	5.000000e+000	5.000000e+000	4.999930e+000
3.040593756280942e-002	5.000000e+000	2.029688e+000	5.000000e+000	5.000000e+000	4.999933e+000
3.040623842358539e-002	5.000000e+000	2.031192e+000	5.000000e+000	5.000000e+000	4.999937e+000
3.040660381194893e-002	5.000000e+000	2.033019e+000	5.000000e+000	5.000000e+000	4.999944e+000
3.040716953979085e-002	5.000000e+000	2.035848e+000	5.000000e+000	5.000000e+000	4.999962e+000
3.040783945025331e-002	5.000000e+000	2.039197e+000	5.000000e+000	5.000000e+000	4.999983e+000
3.040847709126617e-002	5.000000e+000	2.042385e+000	5.000000e+000	5.000000e+000	4.999991e+000
3.040911696169796e-002	5.000000e+000	2.045585e+000	5.000000e+000	5.000000e+000	4.999993e+000
3.040989041858852e-002	5.000000e+000	2.049452e+000	5.000000e+000	5.000000e+000	4.999995e+000
3.041143733236965e-002	5.000000e+000	2.057187e+000	5.000000e+000	5.000000e+000	4.999996e+000
3.041329669388024e-002	5.000000e+000	2.066483e+000	5.000000e+000	5.000000e+000	4.999997e+000
3.041700560099291e-002	5.000000e+000	2.085028e+000	5.000000e+000	5.000000e+000	4.999998e+000
3.042108697652993e-002	5.000000e+000	2.105435e+000	5.000000e+000	5.000000e+000	4.999998e+000
3.042840511883975e-002	5.000000e+000	2.142026e+000	5.000000e+000	5.000000e+000	4.999999e+000
3.043709853733570e-002	5.000000e+000	2.185493e+000	5.000000e+000	5.000000e+000	4.999999e+000
3.044501033930700e-002	5.000000e+000	2.225052e+000	5.000000e+000	5.000065e+000	5.000012e+000
3.044515848078077e-002	5.000000e+000	2.225792e+000	5.000000e+000	5.000013e+000	5.000002e+000
3.044519551614921e-002	5.000000e+000	2.225978e+000	5.000000e+000	5.000000e+000	4.999999e+000
3.044526958688610e-002	5.000000e+000	2.226348e+000	5.000000e+000	5.000000e+000	4.999999e+000
3.044769883452128e-002	5.000000e+000	2.238494e+000	5.000000e+000	5.000000e+000	4.999999e+000
3.045012808215646e-002	5.000000e+000	2.250640e+000	5.000000e+000	5.000000e+000	4.999999e+000
3.045255732979164e-002	5.000000e+000	2.262787e+000	5.000000e+000	5.000000e+000	4.999999e+000
3.045498657742682e-002	5.000000e+000	2.274933e+000	5.000000e+000	5.000000e+000	4.999999e+000
3.045741582506200e-002	5.000000e+000	2.287079e+000	5.000000e+000	5.000000e+000	4.999999e+000
3.045984507269718e-002	5.000000e+000	2.299225e+000	5.000000e+000	5.000000e+000	4.999999e+000
3.046227432033237e-002	5.000000e+000	2.311372e+000	5.000000e+000	5.000000e+000	4.999999e+000
3.046277365708399e-002	5.000000e+000	2.313868e+000	5.000000e+000	5.000000e+000	4.999999e+000
3.046815997861174e-002	5.000000e+000	2.340800e+000	5.000743e+000	5.000000e+000	5.000742e+000
3.047354630013948e-002	5.000000e+000	2.367731e+000	5.001010e+000	5.000000e+000	5.001009e+000
3.047893262166723e-002	5.000000e+000	2.394663e+000	5.000803e+000	5.000000e+000	5.000802e+000
3.048431894319497e-002	5.000000e+000	2.421595e+000	5.000120e+000	5.000000e+000	5.000120e+000
3.048970526472271e-002	5.000000e+000	2.448526e+000	4.998962e+000	5.000000e+000	4.998962e+000
3.049509158625046e-002	5.000000e+000	2.475458e+000	4.997329e+000	5.000000e+000	4.997329e+000
3.050047790777820e-002	5.000000e+000	2.502389e+000	4.995221e+000	5.000000e+000	4.995222e+000
3.050852341275186e-002	5.000000e+000	2.542617e+000	4.914766e+000	5.000000e+000	4.914767e+000
3.051656891772551e-002	5.000000e+000	2.582845e+000	4.834311e+000	5.000000e+000	4.834312e+000
3.052461442269917e-002	5.000000e+000	2.623072e+000	4.753855e+000	5.000000e+000	4.753857e+000
3.053265992767283e-002	5.000000e+000	2.663300e+000	4.673400e+000	5.000000e+000	4.673402e+000
3.054070543264649e-002	5.000000e+000	2.703527e+000	4.592945e+000	5.000000e+000	4.592947e+000
3.054875093762014e-002	5.000000e+000	2.743755e+000	4.512490e+000	5.000000e+000	4.512492e+000
3.055679644259380e-002	5.000000e+000	2.783982e+000	4.432035e+000	5.000000e+000	4.432037e+000
3.058347558110643e-002	5.000000e+000	2.917378e+000	4.165244e+000	5.000000e+000	4.165246e+000
3.061856242685334e-002	5.000000e+000	3.092812e+000	3.814376e+000	5.000000e+000	3.814378e+000
3.065762492685334e-002	5.000000e+000	3.288125e+000	3.423751e+000	5.000000e+000	3.423753e+000
3.069668742685334e-002	5.000000e+000	3.483437e+000	3.033126e+000	5.000000e+000	3.033128e+000
3.073574992685334e-002	5.000000e+000	3.678750e+000	2.642501e+000	5.000000e+000	2.642502e+000
3.077481242685334e-002	5.000000e+000	3.874062e+000	2.251876e+000	5.000000e+000	2.251877e+000
3.081387492685334e-002	5.000000e+000	4.069375e+000	1.861251e+000	5.000000e+000	1.861252e+000
3.085293742685334e-002	5.000000e+000	4.264687e+000	1.470626e+000	5.000000e+000	1.470627e+000
3.089199992685334e-002	5.000000e+000	4.460000e+000	1.080001e+000	5.000000e+000	1.080001e+000
3.093106242685334e-002	5.000000e+000	4.655312e+000	6.893758e-001	5.000000e+000	6.893762e-001
3.096093750000000e-002	5.000000e+000	4.804688e+000	3.906250e-001	5.000000e+000	3.906254e-001
3.100000000000000e-002	5.000000e+000	5.000000e+000	2.131628e-014	5.000000e+000	3.669291e-007
3.100711444492936e-002	5.000000e+000	5.000000e+000	0.000000e+000	5.000000e+000	4.407189e-008
3.101660037150184e-002	5.000000e+000	5.000000e+000	0.000000e+000	5.000000e+000	4.407194e-008
3.103557222464679e-002	5.000000e+000	5.000000e+000	0.000000e+000	5.000000e+000	4.407206e-008
3.107351593093670e-002	5.000000e+000	5.000000e+000	0.000000e+000	5.000000e+000	4.407206e-008
3.111257843093670e-002	5.000000e+000	5.000000e+000	0.000000e+000	5.000000e+000	4.407206e-008
3.115164093093670e-002	5.000000e+000	5.000000e+000	0.000000e+000	5.000000e+000	4.407206e-008
3.119070343093670e-002	5.000000e+000	5.000000e+000	0.000000e+000	5.000000e+000	4.407206e-008
3.122976593093670e-002	5.000000e+000	5.000000e+000	0.000000e+000	5.000000e+000	4.407206e-008
3.126882843093670e-002	5.000000e+000	5.000000e+000	0.000000e+000	5.000000e+000	4.407206e-008
3.130789093093669e-002	5.000000e+000	5.000000e+000	0.000000e+000	5.000000e+000	4.407206e-008
3.134695343093669e-002	5.000000e+000	5.000000e+000	0.000000e+000	5.000000e+000	4.407206e-008
3.142507843093669e-002	5.000000e+000	5.000000e+000	0.000000e+000	5.000000e+000	4.407206e-008
3.150878378807955e-002	5.000000e+000	5.000000e+000	0.000000e+000	5.000000e+000	4.407206e-008
3.159248914522241e-002	5.000000e+000	5.000000e+000	0.000000e+000	5.000000e+000	4.407206e-008
3.167619450236526e-002	5.000000e+000	5.000000e+000	0.000000e+000	5.000000e+000	4.407206e-008
3.175989985950811e-002	5.000000e+000	5.000000e+000	0.000000e+000	5.000000e+000	4.407206e-008
3.184360521665097e-002	5.000000e+000	5.000000e+000	0.000000e+000	5.000000e+000	4.407206e-008
3.192731057379383e-002	5.000000e+000	5.000000e+000	0.000000e+000	5.000000e+000	4.407206e-008
3.201101593093668e-002	5.000000e+000	5.000000e+000	0.000000e+000	5.000000e+000	4.407206e-008
3.500000000000000e-002	5.000000e+000	5.000000e+000	3.469447e-014	5.000000e+000	4.402560e-008
3.500218091359197e-002	5.000000e+000	5.000000e+000	2.180914e-002	5.000000e+000	2.180896e-002
3.500654274077589e-002	5.000000e+000	5.000000e+000	6.542741e-002	5.000000e+000	6.542712e-002
3.501526639514373e-002	5.000000e+000	5.000000e+000	1.526639e-001	5.000000e+000	1.526637e-001
3.503271370387941e-002	5.000000e+000	5.000000e+000	3.271371e-001	5.000000e+000	3.271367e-001
3.506760832135078e-002	5.000000e+000	5.000000e+000	6.760832e-001	5.000000e+000	6.760828e-001
3.510667082135078e-002	5.000000e+000	5.000000e+000	1.066708e+000	5.000000e+000	1.066708e+000
3.514573332135078e-002	5.000000e+000	5.000000e+000	1.457333e+000	5.000000e+000	1.457332e+000
3.518479582135078e-002	5.000000e+000	5.000000e+000	1.847958e+000	5.000000e+000	1.847957e+000
3.526292082135078e-002	5.000000e+000	5.000000e+000	2.629208e+000	5.000000e+000	2.629207e+000
3.538010832135077e-002	5.000000e+000	5.000000e+000	3.801083e+000	5.000000e+000	3.801081e+000
3.550047745400559e-002	5.000000e+000	5.000000e+000	5.000000e+000	5.000000e+000	5.000000e+000
3.997469915871008e-002	5.000000e+000	5.000000e+000	5.000000e+000	5.000000e+000	5.000000e+000
4.000000000000000e-002	5.000000e+000	5.000000e+000	5.000000e+000	5.000000e+000	5.000000e+000
